TDRS 3                  
1 19548U 88091B   20230.91492236 -.00000299  00000-0  00000-0 0  9997
2 19548  14.1435 356.8684 0032933 322.0285 288.3587  1.00274184104057
FLTSATCOM 8 (USA 46)    
1 20253U 89077A   20230.77095053 -.00000080  00000-0  00000-0 0  9995
2 20253  13.0187   5.0295 0003906 113.3611 197.6606  1.00272108239289
SKYNET 4C               
1 20776U 90079A   20230.02132646  .00000126  00000-0  00000+0 0  9996
2 20776  13.9563   5.3868 0002471 165.3644 196.1455  1.00273603109580
TDRS 5                  
1 21639U 91054B   20231.15564699  .00000082  00000-0  00000+0 0  9992
2 21639  14.3122  10.1605 0025688  15.6858 189.3139  1.00274699106358
TDRS 6                  
1 22314U 93003B   20230.91522303 -.00000296  00000-0  00000+0 0  9996
2 22314  14.0490  13.3126 0007601  85.6934 151.4426  1.00274212101023
UFO 2 (USA 95)          
1 22787U 93056A   20231.14617885  .00000124  00000-0  00000+0 0  9993
2 22787  11.2997  14.9511 0004556 148.3905 244.9323  1.00273496 97317
USA 99 (MILSTAR-1 1)    
1 22988U 94009A   20231.10879948 -.00000201  00000-0  00000+0 0  9998
2 22988  14.2474  50.3635 0001483  84.1761 141.6368  1.00274298 10292
ASTRA 1D                
1 23331U 94070A   20230.40069122 -.00000272  00000-0  00000+0 0  9994
2 23331   9.1874  41.8294 0003476 102.7451 252.9259  1.00271840 94810
USA 107 (DSP 17)        
1 23435U 94084A   20230.53987240 -.00000166  00000-0  00000-0 0  9991
2 23435  14.5612  11.3728 0001863  98.3637 314.2639  1.00277107 11605
UFO 4 (USA 108)         
1 23467U 95003A   20230.67684177 -.00000023  00000-0  00000+0 0  9997
2 23467   9.8441  20.6234 0005739  97.8863 264.0272  1.00276724 93613
AMSC 1                  
1 23553U 95019A   20230.52260720 -.00000101  00000-0  00000+0 0  9995
2 23553  11.3202  30.7552 0005567  54.1289 323.1075  1.00272525 92818
TDRS 7                  
1 23613U 95035B   20230.87469284 -.00000202  00000-0  00000-0 0  9997
2 23613  14.1833   4.0002 0028014  38.8847 323.4874  1.00275950 91905
USA 113                 
1 23628U 95038A   20230.87844399 -.00000342  00000-0  00000-0 0  9995
2 23628  11.4900  29.6045 0001266  92.1372 264.8219  1.00276503 11618
USA 115 (MILSTAR-1 2)   
1 23712U 95060A   20230.51258209 -.00000019  00000-0  00000-0 0  9995
2 23712  13.2377  19.4342 0001695 138.2895 233.0662  1.00270964 11564
INMARSAT 3-F1           
1 23839U 96020A   20230.60562097 -.00000110  00000-0  00000+0 0  9996
2 23839   6.1904  61.9871 0006768  75.6003 309.9894  0.99979903 89269
ASTRA 1F                
1 23842U 96021A   20231.14647696  .00000131  00000-0  00000+0 0  9992
2 23842   0.0411 342.3378 0002489 172.6506 269.0303  1.00275321 88984
MSAT M1                 
1 23846U 96022A   20231.05169448 -.00000092  00000-0  00000+0 0  9998
2 23846   9.3642  41.1689 0004844  76.7650 120.0538  1.00272678 89086
INMARSAT 3-F2           
1 24307U 96053A   20230.88629522 -.00000309  00000-0  00000+0 0  9990
2 24307   5.0349  71.5330 0007111  44.8806 312.0770  1.00003667 87668
AMC-1 (GE-1)            
1 24315U 96054A   20231.22608634  .00000057  00000-0  00000+0 0  9999
2 24315   4.0698  78.3141 0002935  72.0136 127.2026  1.00272520 87673
INMARSAT 3-F3           
1 24674U 96070A   20230.74102191  .00000028  00000-0  00000-0 0  9997
2 24674   5.7268  65.8838 0005293  79.1547 266.4035  1.00274255 86616
AMC-2 (GE-2)            
1 24713U 97002A   20230.55375189 -.00000219  00000-0  00000-0 0  9998
2 24713   6.4847  60.0433 0005404  84.3453 296.5138  1.00271673 86234
INTELSAT 26 (IS-26)     
1 24732U 97007A   20231.08580369 -.00000000  00000-0  00000+0 0  9998
2 24732   9.1236  42.6121 0002786  72.0400 306.7847  1.00271465 85939
USA 130 (DSP 18)        
1 24737U 97008A   20231.21640771  .00000024  00000-0  00000+0 0  9998
2 24737  13.5981  19.2461 0001172 303.9774  89.4009  1.00270612 10267
GALAXY 25 (G-25)        
1 24812U 97026A   20231.07969718  .00000147  00000-0  00000+0 0  9997
2 24812   2.0650  89.9489 0002413  71.4555 227.0448  1.00271462 85021
INTELSAT 5 (IS-5)       
1 24916U 97046A   20230.68696113  .00000084  00000-0  00000-0 0  9997
2 24916   5.8307  65.2226 0003293  70.0082 301.5844  1.00271360 84270
AMC-3 (GE-3)            
1 24936U 97050A   20230.77166723 -.00000268  00000-0  00000+0 0  9997
2 24936   2.9410  85.2777 0002878  81.3484   5.7689  1.00270317 84098
NSS-5                   
1 24957U 97053A   20230.94487072  .00000098  00000-0  00000-0 0  9996
2 24957   6.0856  63.4347 0002889  74.0037 219.9696  1.00271879 83816
USA 134                 
1 25019U 97065A   20231.11498078 -.00000064  00000-0  00000+0 0  9990
2 25019  10.2871  35.6726 0002734 330.7640 249.6562  1.00273676 10250
ASTRA 1G                
1 25071U 97076A   20231.13681434  .00000011  00000-0  00000+0 0  9993
2 25071   4.7473  72.8549 0003399  70.5542 296.0308  1.00271370 83194
INMARSAT 3-F5           
1 25153U 98006B   20231.20667623 -.00000297  00000-0  00000+0 0  9997
2 25153   4.9394  69.9170 0004600  89.8500 187.7016  1.00271247 82542
UFO 8 (USA 138)         
1 25258U 98016A   20230.67666729 -.00000029  00000-0  00000-0 0  9994
2 25258   8.7269  32.5250 0003231  99.7464 249.4095  1.00270572 82491
ASTRA 2A                
1 25462U 98050A   20231.09215892  .00000141  00000-0  00000+0 0  9990
2 25462   1.7672  92.5925 0002897  57.6323 237.8163  1.00273297 80399
JCSAT-4A                
1 25630U 99006A   20230.95669459 -.00000316  00000-0  00000+0 0  9990
2 25630   4.7311  73.6211 0005462 164.2591 209.3438  1.00270985 78656
SKYNET 4E               
1 25639U 99009B   20231.14558191 -.00000036  00000-0  00000+0 0  9993
2 25639  10.9066  20.6714 0002758 122.2153 235.3074  1.00270948 78670
ASIASAT 3S              
1 25657U 99013A   20230.26106221 -.00000232  00000-0  00000-0 0  9992
2 25657   4.9181  72.0975 0003400  43.7009  91.7713  1.00270159 78468
NIMIQ 1                 
1 25740U 99027A   20230.55340295 -.00000205  00000-0  00000+0 0  9992
2 25740   1.2362  93.7420 0005454  58.7604 286.5814  1.00270590 77852
ABS-7                   
1 25894U 99046A   20230.93383691 -.00000370  00000-0  00000-0 0  9996
2 25894   1.1154  94.4429 0002948  60.0440 264.5443  1.00268767 75772
ABS-6                   
1 25924U 99053A   20230.88952295 -.00000127  00000-0  00000-0 0  9994
2 25924   0.0493 291.1766 0002725 198.8454 315.8892  1.00271239 76528
TELSTAR 12 (ORION 2)    
1 25949U 99059A   20230.59662024 -.00000070  00000-0  00000+0 0  9999
2 25949   3.4482  83.3565 0004462  55.6861 292.9566  1.00270962 76176
AMC-4 (GE-4)            
1 25954U 99060A   20230.68731008  .00000081  00000-0  00000-0 0  9998
2 25954   0.0987 279.5521 0002384 225.3808 294.1041  1.00273841 22200
UFO 10 (USA 146)        
1 25967U 99063A   20230.84197847 -.00000192  00000-0  00000+0 0  9993
2 25967   7.9311  35.4572 0005702  88.7365 122.7089  1.00266990 75980
GALAXY 11 (G-11)        
1 26038U 99071A   20230.62388956 -.00000169  00000-0  00000-0 0  9996
2 26038   1.3596  95.5076 0000552 335.4998  26.9442  1.00271542 75731
USA 148                 
1 26052U 00001A   20230.73485546  .00000035  00000-0  00000-0 0  9993
2 26052   8.5012  46.2681 0002218  52.4297 312.5346  1.00272674 11614
ASIASTAR                
1 26107U 00016A   20231.09409111 -.00000341  00000-0  00000+0 0  9994
2 26107   4.1460  76.7620 0003926  70.4842 318.5532  1.00272023 74809
USA 149 (DSP 20)        
1 26356U 00024A   20231.14283255  .00000094  00000-0  00000+0 0  9998
2 26356  11.5876  25.9913 0001585 275.1404 272.1493  1.00258942 10250
EUTELSAT 80A            
1 26369U 00028A   20230.82549209  .00000114  00000-0  00000+0 0  9997
2 26369   3.5269  80.7243 0004451  68.1947 163.1269  1.00271520 74126
TDRS 8                  
1 26388U 00034A   20230.77777469 -.00000235  00000-0  00000-0 0  9996
2 26388   9.3232  47.1146 0014138 330.2439 318.3637  1.00266396 73826
INTELSAT 9 (IS-9)       
1 26451U 00043A   20231.10489352 -.00000294  00000-0  00000+0 0  9990
2 26451   5.8192  65.4205 0001905  76.8020 172.4770  1.00273399 73490
BRASILSAT B4            
1 26469U 00046A   20230.55235611 -.00000178  00000-0  00000+0 0  9998
2 26469   4.1161  78.0638 0002828  73.7402 281.4016  1.00269607 73280
ASTRA 2B                
1 26494U 00054A   20230.78989953  .00000111  00000-0  00000+0 0  9991
2 26494   4.6465  73.4766 0004648  69.5267 127.5724  1.00273747 72886
NSS-11 (AAP-1)          
1 26554U 00059A   20230.73799198  .00000018  00000-0  00000-0 0  9995
2 26554   0.0591 289.1705 0002237 209.8796 269.1910  1.00270343 19947
USA 153                 
1 26575U 00065A   20231.18107894 -.00000327  00000-0  00000+0 0  9994
2 26575   7.9925  49.5422 0000826  28.2600  89.2523  1.00273128 10261
AMC-6 (GE-6)            
1 26580U 00067A   20230.68765903  .00000098  00000-0  00000+0 0  9991
2 26580   0.0101  70.6337 0002023 164.3142 205.7353  0.99977453 72635
INTELSAT 12 (IS-12)     
1 26590U 00068A   20230.89512250  .00000004  00000-0  00000-0 0  9999
2 26590   3.0702  85.7159 0003269  64.4754 203.0178  1.00272122 30361
INTELSAT 1R (IS-1R)     
1 26608U 00072A   20230.88917400 -.00000146  00000-0  00000+0 0  9996
2 26608   2.8626  86.1842 0000247 356.2034   1.5178  1.00271930 72300
ANIK F1                 
1 26624U 00076A   20230.90819144 -.00000081  00000-0  00000+0 0  9995
2 26624   0.0298 224.7284 0002360 289.2648  32.3933  1.00271365 72377
ASTRA 2D                
1 26638U 00081A   20230.91856005  .00000056  00000-0  00000-0 0  9996
2 26638   5.9118  64.3663 0001642  71.9163 218.3701  1.00270057 31557
AMC-8 (GE-8)            
1 26639U 00081B   20230.68731008  .00000081  00000-0  00000+0 0  9993
2 26639   0.8025  95.3048 0002734  54.2837 289.3520  1.00272241 71924
USA 157 (MILSTAR-2 2)   
1 26715U 01009A   20230.93832639 -.00000311  00000-0  00000+0 0  9996
2 26715   9.3830  30.2396 0001988 108.9615 303.1007  1.00275507 10298
EUTELSAT 133 WEST A     
1 26719U 01011A   20231.22544587  .00000069  00000-0  00000+0 0  9997
2 26719   2.1037  88.4679 0004783  60.3868 126.5099  1.00274089 71220
INTELSAT 10 (IS-10)     
1 26766U 01019A   20230.79548263  .00000116  00000-0  00000-0 0  9997
2 26766   4.0248  78.5667 0001772  84.9856 136.9520  1.00272151 24284
INTELSAT 901 (IS-901)   
1 26824U 01024A   20230.78056529 -.00000209  00000-0  00000-0 0  9990
2 26824   0.0554 274.8809 0000788 251.0306  54.2007  1.00271083  1636
ASTRA 2C                
1 26853U 01025A   20231.07786522  .00000128  00000-0  00000+0 0  9997
2 26853   2.9674  85.0483 0002543  54.4022 239.1787  1.00269468 70238
USA 159 (DSP 21)        
1 26880U 01033A   20230.84053678 -.00000300  00000-0  00000+0 0  9992
2 26880  10.8219  29.9496 0000794 306.6729 243.4809  1.00266449 10260
INTELSAT 902 (IS-902)   
1 26900U 01039A   20230.77602903 -.00000289  00000-0  00000-0 0  9991
2 26900   0.7612  96.2428 0003072  80.3262  19.2890  1.00271415 69363
EUTELSAT 12 WEST B      
1 26927U 01042A   20230.84228722 -.00000108  00000-0  00000-0 0  9995
2 26927   1.2099  93.1479 0006326  41.2254 123.0146  1.00271737 69164
USA 164 (MILSTAR-2 3)   
1 27168U 02001A   20231.07699287  .00000097  00000-0  00000+0 0  9998
2 27168   8.8271  31.6608 0002219 121.9714 219.9312  1.00270211 10298
ECHOSTAR 7              
1 27378U 02006A   20230.90592330 -.00000007  00000-0  00000-0 0  9991
2 27378   0.0599 284.7820 0001237 207.3242  41.9406  1.00271819 29268
INTELSAT 904 (IS-904)   
1 27380U 02007A   20230.78012911 -.00000221  00000-0  00000+0 0  9990
2 27380   1.5995  92.8001 0003143  68.1918  56.9530  1.00272687 67739
TDRS 9                  
1 27389U 02011A   20230.48649300 -.00000293  00000-0  00000+0 0  9998
2 27389   7.6148  66.8637 0023040 285.2944  87.0862  1.00273849 69084
JCSAT-2A                
1 27399U 02015A   20230.87556520 -.00000259  00000-0  00000-0 0  9990
2 27399   3.0436  84.8356 0005482  24.1208 261.8940  1.00425610 67549
ASTRA 3A                
1 27400U 02015B   20230.55340295 -.00000209  00000-0  00000+0 0  9992
2 27400   6.0358  63.1468 0000958  93.8760 281.8342  1.00271181 67361
NSS-7                   
1 27414U 02019A   20230.77200568 -.00000165  00000-0  00000-0 0  9995
2 27414   4.3695  76.3159 0002425  66.4851  81.6988  1.00271464 67212
DIRECTV 5 (TEMPO 1)     
1 27426U 02023A   20230.90758080 -.00000062  00000-0  00000-0 0  9991
2 27426   0.0146  94.2387 0003221  60.8071  28.2874  1.00271485 66985
INTELSAT 905 (IS-905)   
1 27438U 02027A   20230.78117594 -.00000191  00000-0  00000-0 0  9996
2 27438   1.4198  93.7032 0002415  53.7593  75.8762  1.00271714 30020
GALAXY 3C (G-3C)        
1 27445U 02030A   20230.26457324 -.00000162  00000-0  00000+0 0  9996
2 27445   0.0055  44.1510 0001090  16.6793 265.4679  1.00311072 66591
EUTELSAT 5 WEST A       
1 27460U 02035A   20230.78501432 -.00000049  00000-0  00000+0 0  9999
2 27460   0.7040  96.5718 0004810  57.3432  90.3133  1.00271927 66397
METEOSAT-8 (MSG-1)      
1 27509U 02040B   20230.65067101  .00000132  00000-0  00000+0 0  9997
2 27509   6.8277  53.8292 0001209  90.6981  97.5586  1.00273467 65897
INTELSAT 906 (IS-906)   
1 27513U 02041A   20231.15774471  .00000007  00000-0  00000+0 0  9995
2 27513   0.4266  99.2413 0003234  60.6747 287.9973  1.00273341 65623
HISPASAT 30W-4          
1 27528U 02044A   20231.21988531  .00000109  00000-0  00000+0 0  9998
2 27528   1.2171  93.3543 0003960  40.3196 129.5147  1.00273416 65594
TDRS 10                 
1 27566U 02055A   20230.73424865  .00000085  00000-0  00000+0 0  9996
2 27566   7.0095  53.3286 0005870 309.3387  57.0362  1.00270942 64872
NSS-6                   
1 27603U 02057A   20230.68041844  .00000101  00000-0  00000+0 0  9995
2 27603   0.0086 163.2748 0005005   0.0936 238.5844  1.00270517 64684
NIMIQ 2                 
1 27632U 02062A   20230.62423851 -.00000183  00000-0  00000-0 0  9991
2 27632   4.4835  75.5916 0007106   0.8467  23.5788  1.00272797 22831
USA 167                 
1 27691U 03008A   20230.68826968  .00000050  00000-0  00000+0 0  9990
2 27691   6.7561  58.5323 0003134  14.0495  11.5238  1.00271119 10274
USA 169 (MILSTAR-2 4)   
1 27711U 03012A   20230.72202036 -.00000196  00000-0  00000-0 0  9990
2 27711   9.1392  44.4221 0002044 140.1915 194.2126  1.00272483 11590
GALAXY 12 (G-12)        
1 27715U 03013B   20230.68853139  .00000051  00000-0  00000-0 0  9995
2 27715   1.6349  92.1273 0001720  65.2381 288.0152  1.00272192 30784
ASIASAT 4               
1 27718U 03014A   20230.79365067  .00000147  00000-0  00000-0 0  9995
2 27718   0.0210 115.3065 0001992  35.4925 139.7046  1.00273218 23942
HELLAS-SAT 2            
1 27811U 03020A   20231.24530017 -.00000159  00000-0  00000+0 0  9999
2 27811   2.0549  91.6031 0002013  59.6703 168.8876  1.00270769 62988
THURAYA-2               
1 27825U 03026A   20231.08187809  .00000123  00000-0  00000+0 0  9999
2 27825   5.9785  33.0935 0004948 112.5344 254.7385  1.00271570 62991
OPTUS C1                
1 27831U 03028B   20230.88882507 -.00000158  00000-0  00000-0 0  9992
2 27831   1.5606  93.7705 0006096  48.2288 300.3566  1.00269794 31707
GALAXY 23 (G-23)        
1 27854U 03034A   20230.90548713  .00000006  00000-0  00000-0 0  9996
2 27854   0.0492 263.3245 0003163 250.2502  18.1297  1.00272702 62396
USA 170                 
1 27875U 03040A   20230.41862345 -.00000278  00000-0  00000+0 0  9993
2 27875   6.0046  64.0310 0005541  72.1570 298.2031  1.00277086 10274
GALAXY 13 (HORIZONS 1)  
1 27954U 03044A   20230.68888034  .00000042  00000-0  00000+0 0  9995
2 27954   0.0294  96.8461 0001959  81.0943 269.5400  1.00271912 61801
YAMAL 202               
1 28089U 03053A   20231.26146575 -.00000087  00000-0  00000+0 0  9997
2 28089   0.9929  94.8582 0006207  36.0789  93.7663  1.00272544 61334
UFO 11 (USA 174)        
1 28117U 03057A   20231.02202212 -.00000101  00000-0  00000+0 0  9995
2 28117   6.1210  37.4917 0002717  44.5239 327.5592  1.00276156 61071
USA 176 (DSP 22)        
1 28158U 04004A   20231.01871931 -.00000222  00000-0  00000+0 0  9996
2 28158   9.2379  38.8937 0001067 137.9075 244.1766  1.00271683 10267
ABS-4 (MOBISAT-1)       
1 28184U 04007A   20231.14319850  .00000033  00000-0  00000+0 0  9998
2 28184   0.6754  96.2946 0005450  54.9722 288.1943  1.00272210 60237
EUTELSAT 7A             
1 28187U 04008A   20231.09215892  .00000146  00000-0  00000+0 0  9992
2 28187   0.4699  89.3799 0001022 114.0714 187.5352  1.00271655 60233
DIRECTV 7S              
1 28238U 04016A   20231.11655753 -.00000006  00000-0  00000+0 0  9991
2 28238   0.0273 249.1799 0002576 262.0126  98.6366  1.00273062 59707
AMC-11 (GE-11)          
1 28252U 04017A   20230.68809521  .00000062  00000-0  00000+0 0  9994
2 28252   0.0599 290.8298 0002456 213.1051 299.2874  1.00273498 59359
INTELSAT 10-02          
1 28358U 04022A   20230.90656334 -.00000018  00000-0  00000-0 0  9997
2 28358   0.0118 127.8918 0002766  31.6982 132.5090  1.00271409 59305
ANIK F2                 
1 28378U 04027A   20230.90749355 -.00000056  00000-0  00000-0 0  9992
2 28378   0.0021 249.6112 0000404  89.8245 202.9180  1.00270673 19932
AMC-15                  
1 28446U 04041A   20231.23972344 -.00000096  00000-0  00000+0 0  9990
2 28446   0.0590 287.8204 0002584 229.6784 150.7969  1.00270471 57997
AMC-16                  
1 28472U 04048A   20231.19157713 -.00000214  00000-0  00000+0 0  9998
2 28472   0.0546 289.6251 0002476 217.0542 164.2954  1.00273098 57466
NSS-10 (AMC-12)         
1 28526U 05003A   20231.16498434 -.00000259  00000-0  00000+0 0  9994
2 28526   1.1614  94.0438 0002730  55.6521 199.2218  1.00269961 56975
XTAR-EUR                
1 28542U 05005A   20230.01431708  .00000146  00000-0  00000-0 0  9993
2 28542   0.0198 111.6663 0002404  42.9581 205.3875  1.00269564 56839
XM-3 (RHYTHM)           
1 28626U 05008A   20230.55375189 -.00000211  00000-0  00000+0 0  9991
2 28626   0.0023  57.1634 0000134 217.8529 165.6062  1.00269931 56715
INMARSAT 4-F1           
1 28628U 05009A   20230.88638247 -.00000266  00000-0  00000-0 0  9998
2 28628   3.2044  27.6880 0002689 129.5727 272.0627  1.00271010 56324
APSTAR 6                
1 28638U 05012A   20231.06204087 -.00000093  00000-0  00000+0 0  9992
2 28638   1.7901  91.5319 0003579  47.4191  13.1402  1.00270984 81062
DIRECTV 8               
1 28659U 05019A   20231.24252360 -.00000124  00000-0  00000+0 0  9994
2 28659   0.0172 127.9202 0002754  20.9738 164.7153  1.00272069 55837
GALAXY 28 (G-28)        
1 28702U 05022A   20231.05544560 -.00000193  00000-0  00000+0 0  9998
2 28702   0.0090  77.4635 0001482 331.2976 209.0948  1.00270587 55471
EXPRESS-AM3             
1 28707U 05023A   20230.91715968 -.00000330  00000-0  00000-0 0  9994
2 28707   1.9766  90.3059 0002013  12.0422 297.6098  1.00269968 55482
THAICOM 4               
1 28786U 05028A   20231.04702295 -.00000370  00000-0  00000+0 0  9993
2 28786   0.0140  92.4732 0002373  56.6450 314.1825  1.00271999 54973
GALAXY 14 (G-14)        
1 28790U 05030A   20230.68931652  .00000030  00000-0  00000-0 0  9994
2 28790   0.0624 289.7385 0002375 223.9489 295.9881  1.00273215 54963
ANIK F1R                
1 28868U 05036A   20231.09732924 -.00000081  00000-0  00000+0 0  9999
2 28868   0.0204  90.2483 0001899   5.1279 159.2864  1.00269448 54803
GALAXY 15 (G-15)        
1 28884U 05041A   20230.68774626  .00000073  00000-0  00000+0 0  9992
2 28884   0.0447 267.4578 0001763 236.2699 297.3558  1.00271857 54278
SYRACUSE 3A             
1 28885U 05041B   20231.08248873  .00000121  00000-0  00000+0 0  9992
2 28885   0.0336 106.0552 0002806  33.1383 264.3718  1.00273358 54381
INMARSAT 4-F2           
1 28899U 05044A   20231.08589093  .00000005  00000-0  00000+0 0  9993
2 28899   3.0566  30.4339 0002671 125.3411 265.9513  1.00271351 54159
TELKOM 2                
1 28902U 05046A   20230.99007753 -.00000145  00000-0  00000+0 0  9993
2 28902   0.0184 103.5497 0001336 339.3326  37.3566  1.00271211 53897
SPACEWAY 2              
1 28903U 05046B   20231.22518260  .00000096  00000-0  00000+0 0  9995
2 28903   0.3265  93.5711 0000491 299.7280 235.9057  1.00271463 54146
METEOSAT-9 (MSG-2)      
1 28912U 05049B   20230.77369367  .00000013  00000-0  00000+0 0  9998
2 28912   4.5500  69.8924 0001932  21.9637 156.7747  1.00277100 53721
EUTELSAT 174A           
1 28924U 05052A   20230.89248897  .00000003  00000-0  00000-0 0  9992
2 28924   0.0681 353.6863 0006007 156.2118 312.1101  1.00272090 30983
ECHOSTAR 10             
1 28935U 06003A   20230.90758080 -.00000062  00000-0  00000-0 0  9999
2 28935   0.0121 272.0215 0001475 182.2458  89.0228  1.00269278 53135
SPAINSAT                
1 28945U 06007A   20230.17770254 -.00000221  00000-0  00000+0 0  9996
2 28945   0.0693 265.5940 0004779 272.1742 182.2331  1.00270436 52876
EUTELSAT HOT BIRD 13E   
1 28946U 06007B   20230.78859101  .00000081  00000-0  00000+0 0  9996
2 28946   0.0614 249.1102 0006646 273.1095 101.2891  1.00273340 52942
JCSAT-5A                
1 29045U 06010A   20231.02761737 -.00000335  00000-0  00000+0 0  9999
2 29045   0.0488 272.8714 0002050 253.8758 302.1027  1.00270795 52595
ASTRA 1KR               
1 29055U 06012A   20230.89888808  .00000113  00000-0  00000-0 0  9999
2 29055   0.0338 243.2597 0003677 307.3885 118.8620  1.00272323 24378
GOES 13                 
1 29155U 06018A   20231.07774119  .00000033  00000-0  00000+0 0  9996
2 29155   0.0685 186.0018 0007711  13.3369 216.7412  1.00268909 52160
EUTELSAT 113 WEST A     
1 29162U 06020A   20231.23617779 -.00000045  00000-0  00000+0 0  9997
2 29162   0.0410 283.2368 0003134 229.5114 146.3101  1.00271838 52119
GALAXY 16 (G-16)        
1 29236U 06023A   20230.60336028 -.00000132  00000-0  00000-0 0  9995
2 29236   0.0076 154.9690 0002591 356.4470 293.2100  1.00268277 51867
EUTELSAT HOT BIRD 13B   
1 29270U 06032A   20230.78859101  .00000080  00000-0  00000+0 0  9994
2 29270   0.0647 348.7568 0001905 144.9583 129.7662  1.00270668 51503
JCSAT-3A                
1 29272U 06033A   20231.02691948 -.00000352  00000-0  00000+0 0  9991
2 29272   0.0387 263.7748 0002415 253.6326 307.1250  1.00270967 51419
SYRACUSE 3B             
1 29273U 06033B   20230.78501432 -.00000050  00000-0  00000-0 0  9998
2 29273   0.0102 127.1850 0005432  10.6986 106.1358  1.00271139 51358
KOREASAT 5 (MUGUNGWHA 5)
1 29349U 06034A   20230.87637764 -.00000365  00000-0  00000-0 0  9990
2 29349   0.0227 124.2971 0001826  60.4131 210.5422  1.00271661 19963
DIRECTV 9S              
1 29494U 06043A   20230.60246230 -.00000119  00000-0  00000+0 0  9992
2 29494   0.0211 145.2328 0002889  10.6054 286.2770  1.00271782 50759
OPTUS D1                
1 29495U 06043B   20230.98452347 -.00000118  00000-0  00000+0 0  9991
2 29495   0.0154  94.2457 0003361  55.6777 331.3105  1.00271294 50795
XM-4 (BLUES)            
1 29520U 06049A   20230.90662119 -.00000029  00000-0  00000-0 0  9990
2 29520   0.0128 155.7487 0000031  86.3134 295.7782  1.00272101 30127
BADR-4                  
1 29526U 06051A   20231.15006795  .00000137  00000-0  00000+0 0  9997
2 29526   0.0653 312.6153 0002034 240.3556 213.9698  1.00273726 50545
WILDBLUE-1              
1 29643U 06054A   20231.23690091 -.00000057  00000-0  00000+0 0  9999
2 29643   0.0124  97.8450 0001425  54.1514 149.1623  1.00271761 50194
AMC-18                  
1 29644U 06054B   20230.65021885  .00000098  00000-0  00000+0 0  9998
2 29644   0.0679 283.8687 0002459 230.6490 267.0255  1.00271209 50201
MEASAT-3                
1 29648U 06056A   20230.37360286 -.00000247  00000-0  00000+0 0  9991
2 29648   0.0322 136.9654 0003509  15.2242  40.0177  1.00270595 50198
INSAT-4B                
1 30793U 07007A   20231.09016549 -.00000196  00000-0  00000+0 0  9994
2 30793   0.5841  97.1990 0003851 122.3280 225.3390  1.00270758 49212
SKYNET 5A               
1 30794U 07007B   20230.87678650 -.00000278  00000-0  00000-0 0  9999
2 30794   0.7073  90.9747 0003766  62.1590 224.4099  1.00270025 49340
ANIK F3                 
1 31102U 07009A   20230.90592330 -.00000007  00000-0  00000-0 0  9999
2 31102   0.0221 120.9889 0001633  22.1235  31.0414  1.00269353 25211
ASTRA 1L                
1 31306U 07016A   20230.89888751  .00000113  00000-0  00000+0 0  9992
2 31306   0.0487 305.4639 0001284 263.5484 100.5139  1.00272582 48683
GALAXY 17 (G-17)        
1 31307U 07016B   20231.05500942 -.00000181  00000-0  00000+0 0  9991
2 31307   0.0157 103.0864 0003246  52.5398 100.0541  1.00267983 48726
ZHONGXING-6B            
1 31800U 07031A   20231.05257748 -.00000369  00000-0  00000+0 0  9997
2 31800   0.0147 181.1642 0003460 330.2850 309.8839  1.00272934 48126
DIRECTV 10              
1 31862U 07032A   20230.90915104 -.00000110  00000-0  00000-0 0  9991
2 31862   0.0120 251.6517 0000175 208.1777  91.4708  1.00268777 24268
SPACEWAY 3              
1 32018U 07036A   20231.24543576 -.00000159  00000-0  00000+0 0  9999
2 32018   0.0025  20.4594 0000209 234.2163  65.7939  1.00271198 47772
BSAT-3A                 
1 32019U 07036B   20230.93457760 -.00000358  00000-0  00000-0 0  9996
2 32019   0.0873 254.7289 0003203 299.9027 218.4264  1.00271537 29169
INSAT-4CR               
1 32050U 07037A   20230.85049233  .00000117  00000-0  00000-0 0  9997
2 32050   1.4776  92.8429 0005542 151.0492  76.8249  1.00271715 30035
OPTUS D2                
1 32252U 07044A   20230.88812719 -.00000191  00000-0  00000-0 0  9992
2 32252   0.0439 288.4586 0003468 221.9365 288.0399  1.00270499 47217
INTELSAT 11 (IS-11)     
1 32253U 07044B   20230.77742480 -.00000275  00000-0  00000-0 0  9991
2 32253   0.0150 104.7936 0001881  79.6442  19.0491  1.00270539 47252
WGS F1 (USA 195)        
1 32258U 07046A   20231.14614233  .00000033  00000-0  00000+0 0  9994
2 32258   0.0133  98.7188 0000204  91.5115 195.3514  1.00270723 46974
STAR ONE C1             
1 32293U 07056A   20231.08590959 -.00000284  00000-0  00000+0 0  9994
2 32293   0.0039 192.5854 0002656 333.5245 126.7109  1.00269276 46752
SKYNET 5B               
1 32294U 07056B   20231.09215892  .00000135  00000-0  00000+0 0  9990
2 32294   0.0728  22.3838 0003932 134.5495 228.2455  1.00273447 46841
ASTRA 4A (SIRIUS 4)     
1 32299U 07057A   20230.78702074  .00000025  00000-0  00000+0 0  9992
2 32299   0.0242  95.1472 0002770  46.3285 113.2747  1.00269987 46600
HORIZONS 2              
1 32388U 07063B   20230.94384264 -.00000189  00000-0  00000-0 0  9996
2 32388   0.0136 123.3881 0002550  19.6917 248.3249  1.00268011 46503
THURAYA-3               
1 32404U 08001A   20230.87748439 -.00000307  00000-0  00000-0 0  9990
2 32404   3.7705  11.0249 0003770 116.0916 253.9807  1.00270416 46178
EXPRESS-AM33            
1 32478U 08003A   20229.59354182 -.00000284  00000-0  00000-0 0  9992
2 32478   0.0447 271.4277 0001144   7.8734 356.3004  1.00270718 46243
THOR 5                  
1 32487U 08006A   20231.20901465 -.00000017  00000-0  00000+0 0  9991
2 32487   0.0509 272.9858 0002181 237.1671 251.3670  1.00271480 45837
AMC-14                  
1 32708U 08011A   20230.16785576  .00000080  00000-0  00000+0 0  9999
2 32708  21.0587  46.6611 0039246   9.5215 348.2561  1.00270781 46730
DIRECTV 11              
1 32729U 08013A   20231.24330115 -.00000134  00000-0  00000+0 0  9990
2 32729   0.0032  19.9523 0000167 201.4488  94.0798  1.00271890 45587
ICO G1                  
1 32763U 08016A   20230.55218163 -.00000175  00000-0  00000-0 0  9998
2 32763   3.6492  14.1029 0002243 133.9657 284.2442  1.00272297 45239
VINASAT-1               
1 32767U 08018A   20230.88411433 -.00000336  00000-0  00000-0 0  9994
2 32767   0.0632 286.2619 0001866 240.4352 250.2355  1.00270777 45241
STAR ONE C2             
1 32768U 08018B   20230.48492274 -.00000271  00000-0  00000-0 0  9991
2 32768   0.0457 263.7911 0002990 268.9782 258.1166  1.00271972 45316
TIANLIAN 1-01           
1 32779U 08019A   20230.90079808 -.00000147  00000-0  00000-0 0  9997
2 32779   4.2524  72.3121 0028951 260.5319  38.2004  1.00270938 45066
AMOS-3                  
1 32794U 08022A   20230.78518880 -.00000042  00000-0  00000+0 0  9995
2 32794   0.0096 140.2915 0002502 348.8567 116.0114  1.00271335 45098
GALAXY 18 (G-18)        
1 32951U 08024A   20230.68975269  .00000019  00000-0  00000-0 0  9993
2 32951   0.0079 153.3794 0002953   5.3000 293.1407  1.00272136 24539
CHINASAT 9 (ZX 9)       
1 33051U 08028A   20230.87617586 -.00000254  00000-0  00000-0 0  9997
2 33051   0.0115 134.5702 0003645  25.0498 214.6993  1.00269507 44685
SKYNET 5C               
1 33055U 08030A   20230.78248448 -.00000146  00000-0  00000+0 0  9990
2 33055   0.0629   7.1403 0004740 158.9717  64.3802  1.00271673 44540
TURKSAT 3A              
1 33056U 08030B   20230.82549209  .00000139  00000-0  00000+0 0  9996
2 33056   0.0344  86.3406 0004739  48.4341 171.0403  1.00270181 44727
INTELSAT 25 (IS-25)     
1 33153U 08034A   20231.13864005 -.00000231  00000-0  00000+0 0  9991
2 33153   0.0404 255.4298 0001273 312.7048 137.2297  1.00272493 44296
BADR-6                  
1 33154U 08034B   20230.79120807  .00000138  00000-0  00000-0 0  9994
2 33154   0.0549  46.3638 0003916  80.2167 150.8353  1.00270201 44409
ECHOSTAR 11             
1 33207U 08035A   20231.05125829 -.00000063  00000-0  00000+0 0  9990
2 33207   0.0601 275.6990 0002516 232.5660  87.0585  1.00267586 44309
SUPERBIRD-C2            
1 33274U 08038A   20231.17896927 -.00000259  00000-0  00000+0 0  9991
2 33274   0.0096 143.9611 0002378  47.4937 343.9140  1.00269948 44039
AMC-21                  
1 33275U 08038B   20230.68931652  .00000030  00000-0  00000+0 0  9998
2 33275   0.0679 287.4703 0002467 225.6135 296.6834  1.00271061 44114
INMARSAT 4-F3           
1 33278U 08039A   20230.60455843 -.00000144  00000-0  00000+0 0  9994
2 33278   3.1436  13.1779 0002875 140.2406 292.6596  1.00271531 43915
NIMIQ 4                 
1 33373U 08044A   20230.62580876 -.00000227  00000-0  00000+0 0  9995
2 33373   0.0099  93.8088 0002295  59.6948 316.2403  1.00271436 43486
GALAXY 19 (G-19)        
1 33376U 08045A   20231.24472153 -.00000147  00000-0  00000+0 0  9997
2 33376   0.0132 100.7053 0003190  57.0956 160.3607  1.00271653 43488
ASTRA 1M                
1 33436U 08057A   20230.89888559  .00000112  00000-0  00000-0 0  9990
2 33436   0.0218 124.9453 0005037  18.1847 166.3700  1.00270006 24380
CIEL-2                  
1 33453U 08063A   20231.22761994  .00000050  00000-0  00000+0 0  9997
2 33453   0.0125 148.1954 0002799 353.4281 138.5128  1.00272449 42792
EUTELSAT HOT BIRD 13C   
1 33459U 08065A   20230.78859101  .00000080  00000-0  00000-0 0  9997
2 33459   0.0369  40.0065 0005108  93.4042 130.0705  1.00270926 25993
EUTELSAT 48D            
1 33460U 08065B   20230.85049233  .00000117  00000-0  00000-0 0  9995
2 33460   0.0962 276.9293 0004516 256.4857 147.4989  1.00272189 42600
FENGYUN 2E              
1 33463U 08066A   20230.89940940 -.00000210  00000-0  00000-0 0  9993
2 33463   4.4658  68.3537 0002385 296.7526  12.0814  1.00271530 42736
EXPRESS-AM44            
1 33595U 09007A   20231.14274013 -.00000096  00000-0  00000+0 0  9996
2 33595   0.0229 247.4604 0000475 339.0937 140.7898  1.00272057 42217
NSS-9                   
1 33749U 09008A   20231.10970633  .00000064  00000-0  00000+0 0  9999
2 33749   0.0468 292.2242 0001969 220.5372  36.7395  1.00273110 42212
EUTELSAT 33E            
1 33750U 09008B   20231.15155097  .00000148  00000-0  00000+0 0  9998
2 33750   0.0586 347.6454 0003716 173.3172 253.6960  1.00278592 42251
TELSTAR 11N             
1 34111U 09009A   20230.70658924 -.00000257  00000-0  00000+0 0  9990
2 34111   0.0243 118.3036 0002205  11.5556  53.5112  1.00270714 42066
EUTELSAT 10A            
1 34710U 09016A   20231.09771588  .00000061  00000-0  00000+0 0  9990
2 34710   0.0681 354.4252 0005253 151.3616 226.2989  1.00273913 41622
WGS F2 (USA 204)        
1 34713U 09017A   20230.83799646  .00000041  00000-0  00000+0 0  9998
2 34713   0.0123 118.3151 0000922 267.3965 302.8168  1.00270908 41580
SES-7 (PROTOSTAR 2)     
1 34941U 09027A   20231.01382281 -.00000352  00000-0  00000+0 0  9992
2 34941   0.0143  96.7751 0000722 153.8096 189.4936  1.00272395 41272
MEASAT-3A               
1 35362U 09032A   20230.87608861 -.00000249  00000-0  00000-0 0  9990
2 35362   0.0559 247.9796 0002596 301.5220 184.0992  1.00272652 40898
GOES 14                 
1 35491U 09033A   20231.24042007 -.00000100  00000-0  00000+0 0  9995
2 35491   0.4628  97.5132 0010224 118.0867  93.4483  1.00269870 40807
SIRIUS FM-5             
1 35493U 09034A   20231.19085696 -.00000208  00000-0  00000+0 0  9992
2 35493   0.0047 311.0955 0000382  71.9545 286.5189  1.00269873 40622
TERRESTAR-1             
1 35496U 09035A   20230.90749355 -.00000062  00000-0  00000-0 0  9992
2 35496   2.5620  19.5758 0002752 132.4471  30.3871  1.00272525 40827
ASIASAT 5               
1 35696U 09042A   20230.87783333 -.00000315  00000-0  00000-0 0  9993
2 35696   0.0180 112.1248 0001672  10.8149 260.2724  1.00273881 40331
JCSAT-RA (JCSAT-12)     
1 35755U 09044A   20231.19980299 -.00000039  00000-0  00000+0 0  9999
2 35755   0.0382 122.5688 0001811  22.2249  63.0431  1.00270924 40314
OPTUS D3                
1 35756U 09044B   20230.88891230 -.00000154  00000-0  00000-0 0  9990
2 35756   0.0495 320.9627 0002349 177.0282 304.7310  1.00272294 40212
PALAPA D                
1 35812U 09046A   20230.77899241 -.00000365  00000-0  00000-0 0  9997
2 35812   0.3113  94.7035 0002918  95.7259 169.5633  1.00270418 40318
NIMIQ 5                 
1 35873U 09050A   20230.77149275 -.00000264  00000-0  00000+0 0  9991
2 35873   0.0567 281.9303 0003115 243.1595   6.5441  1.00271291 39994
AMAZONAS 2              
1 35942U 09054A   20231.08035521 -.00000290  00000-0  00000+0 0  9994
2 35942   0.0276 205.8130 0005202 301.1765 147.8261  1.00268795 39820
COMSATBW-1              
1 35943U 09054B   20231.13681434  .00000016  00000-0  00000+0 0  9996
2 35943   0.0752 103.2771 0003144  50.7572 285.1995  1.00273548 39910
NSS-12                  
1 36032U 09058A   20230.83799646  .00000065  00000-0  00000-0 0  9996
2 36032   0.0647 283.8689 0002624 232.4439 169.0120  1.00271696 39573
THOR 6                  
1 36033U 09058B   20231.14558191 -.00000017  00000-0  00000+0 0  9997
2 36033   0.0262 219.5227 0001557 285.4196 233.5935  1.00271062 39627
INTELSAT 14 (IS-14)     
1 36097U 09064A   20230.77707586 -.00000280  00000-0  00000-0 0  9999
2 36097   0.0152 114.7347 0002125  35.7549  50.8724  1.00272203 39358
EUTELSAT 36B            
1 36101U 09065A   20231.20497012  .00000148  00000-0  00000+0 0  9996
2 36101   0.0677  23.6283 0004559 125.6806 287.3990  1.00273791 39468
INTELSAT 15 (IS-15)     
1 36106U 09067A   20231.09016549 -.00000192  00000-0  00000+0 0  9992
2 36106   0.0261 110.2452 0002127  46.7049 287.5574  1.00267580 39250
WGS F3 (USA 211)        
1 36108U 09068A   20231.14256566 -.00000104  00000-0  00000+0 0  9999
2 36108   0.0257 122.2699 0000122 131.2844 112.7360  1.00271323 39172
DIRECTV 12              
1 36131U 09075A   20230.90906380 -.00000110  00000-0  00000-0 0  9990
2 36131   0.0431 271.6027 0000264  94.5212 185.0712  1.00271628 25226
BEIDOU 3                
1 36287U 10001A   20231.13952458 -.00000287  00000-0  00000+0 0  9990
2 36287   1.4903  30.1606 0005304 115.3676  12.0527  1.00275644 38829
RADUGA-1M 2             
1 36358U 10002A   20231.09007825 -.00000191  00000-0  00000+0 0  9998
2 36358   0.0464 250.7501 0002459 274.1932 279.3809  1.00272639 38660
SDO                     
1 36395U 10005A   20230.22132774 -.00000092  00000-0  00000+0 0  9998
2 36395  30.4206 120.2911 0001682   3.0312 180.2080  1.00276536 38678
INTELSAT 16 (IS-16)     
1 36397U 10006A   20231.21226251 -.00000252  00000-0  00000+0 0  9993
2 36397   0.0152  95.0899 0002451  72.1112 160.0409  1.00270768 38387
GOES 15                 
1 36411U 10008A   20230.68870586  .00000046  00000-0  00000+0 0  9998
2 36411   0.0314 133.7878 0001749 327.4764 345.2060  1.00281358 38319
ECHOSTAR 14             
1 36499U 10010A   20230.90592330 -.00000006  00000-0  00000-0 0  9998
2 36499   0.0212 125.1668 0002897  16.4231  32.3806  1.00270374 25216
SES-1                   
1 36516U 10016A   20230.60246319 -.00000121  00000-0  00000+0 0  9991
2 36516   0.0550 286.4529 0002210 221.7535 294.0925  1.00271617 37780
ASTRA 3B                
1 36581U 10021A   20231.21298118  .00000129  00000-0  00000+0 0  9998
2 36581   0.0316  19.9216 0003211 130.9738 276.2850  1.00270116 37302
COMSATBW-2              
1 36582U 10021B   20230.78867823  .00000081  00000-0  00000-0 0  9993
2 36582   0.0327  97.1795 0002367  61.6510 104.8911  1.00272055 37605
BADR-5                  
1 36592U 10025A   20231.09215892  .00000137  00000-0  00000+0 0  9997
2 36592   0.0236 121.9299 0005340  29.7927 234.3537  1.00269482 37558
COMS 1                  
1 36744U 10032A   20231.00118907 -.00000351  00000-0  00000+0 0  9993
2 36744   0.0273  93.0995 0000571  65.8174 296.4932  1.00271330 37302
ARABSAT-5A              
1 36745U 10032B   20231.15102755  .00000146  00000-0  00000+0 0  9995
2 36745   0.0682  52.1979 0005098 106.4083 253.1990  1.00273211 37286
ECHOSTAR 15             
1 36792U 10034A   20231.08035521 -.00000289  00000-0  00000+0 0  9996
2 36792   0.0209 122.3339 0001463  29.3636 142.5033  1.00269311 37041
BEIDOU 5                
1 36828U 10036A   20230.92274813 -.00000116  00000-0  10000-3 0  9993
2 36828  54.1691 182.4194 0101381 235.3773 357.7339  1.00298120 36861
NILESAT 201             
1 36830U 10037A   20230.78466538 -.00000064  00000-0  00000+0 0  9995
2 36830   0.0538 221.4238 0005165 275.9083 104.7471  1.00271538 36933
RASCOM-QAF 1R           
1 36831U 10037B   20231.14553168  .00000011  00000-0  00000+0 0  9994
2 36831   0.0237 226.9095 0005278 278.8754 236.4597  1.00270261 36948
AEHF-1 (USA 214)        
1 36868U 10039A   20230.77369367  .00000018  00000-0  00000-0 0  9998
2 36868   2.8855  96.5865 0004947  22.4227 130.1584  1.00268710 32308
CHINASAT 6A (ZX 6A)     
1 37150U 10042A   20231.31346887 -.00000362  00000-0  00000+0 0  9992
2 37150   0.0549 265.5665 0002661 265.7785  33.6495  1.00267218 36552
QZS-1 (MICHIBIKI-1)     
1 37158U 10045A   20229.63382472 -.00000190  00000-0  00000-0 0  9995
2 37158  41.6768 142.7498 0762219 270.9339 277.9272  1.00257026 36371
XM-5                    
1 37185U 10053A   20231.19085708 -.00000212  00000-0  00000+0 0  9994
2 37185   0.0236 116.1558 0002651 282.1443 272.2129  1.00269531 36092
BSAT-3B                 
1 37207U 10056B   20231.05257748 -.00000358  00000-0  00000+0 0  9993
2 37207   0.1110 293.1418 0000747 320.2080 202.3018  1.00271885 35922
BEIDOU 6                
1 37210U 10057A   20230.68521427 -.00000118  00000-0  00000-0 0  9999
2 37210   0.9141  52.6941 0005447 119.2952 201.2196  1.00271741 35930
SKYTERRA 1              
1 37218U 10061A   20230.62265519 -.00000122  00000-0  00000+0 0  9997
2 37218   2.1358   2.7257 0002827 176.4442 270.0946  1.00271175 35877
ZHONGXING-20A           
1 37234U 10064A   20231.18831968 -.00000358  00000-0  00000+0 0  9998
2 37234   1.0057  96.4285 0002647  41.5921  23.2193  1.00273700 35681
HYLAS 1                 
1 37237U 10065A   20230.88978466 -.00000114  00000-0  00000-0 0  9994
2 37237   0.2701  95.5349 0003475  32.3305 319.5998  1.00271505 35625
INTELSAT 17 (IS-17)     
1 37238U 10065B   20231.11785326 -.00000009  00000-0  00000+0 0  9995
2 37238   0.0183 136.0996 0002985  24.2799 274.9711  1.00272602 35579
BEIDOU 7                
1 37256U 10068A   20230.59414212 -.00000181  00000-0  00000-0 0  9994
2 37256  51.3780 297.6135 0082319 213.1666 147.2430  1.00294011 35456
EUTELSAT KA-SAT 9A      
1 37258U 10069A   20230.78780587  .00000055  00000-0  00000-0 0  9998
2 37258   0.0210 300.4211 0004790 150.8922 167.8817  1.00274049 22669
HISPASAT 30W-5          
1 37264U 10070A   20230.78004187 -.00000223  00000-0  00000+0 0  9999
2 37264   0.0192 125.2835 0005628  27.5452  64.6068  1.00271332 35319
KOREASAT 6              
1 37265U 10070B   20230.93383691 -.00000369  00000-0  00000-0 0  9999
2 37265   0.0111  94.7352 0000973  81.6050 242.5949  1.00272376 35413
BEIDOU 8                
1 37384U 11013A   20230.79831032 -.00000154  00000-0  10000-3 0  9996
2 37384  59.3550  60.9721 0049794 201.0860 109.7637  1.00289353 34325
INTELSAT NEW DAWN       
1 37392U 11016A   20230.78938403  .00000149  00000-0  00000-0 0  9996
2 37392   0.0230 188.4899 0000325 161.8912 293.1879  1.00273243 31955
YAHSAT 1A               
1 37393U 11016B   20231.08362280  .00000093  00000-0  00000+0 0  9992
2 37393   0.0304 102.0593 0001707   4.5018 302.9562  1.00270995 34217
SBIRS GEO-1 (USA 230)   
1 37481U 11019A   20231.07968970 -.00000012  00000-0  00000+0 0  9992
2 37481   1.9997 346.0168 0002423 158.6677 277.0928  1.00272199 33999
TELSTAR 14R             
1 37602U 11021A   20231.20279198 -.00000288  00000-0  00000+0 0  9997
2 37602   0.0548 295.5728 0001471 171.0802 230.3675  1.00270814 34441
GSAT-8                  
1 37605U 11022A   20230.40952185  .00000079  00000-0  00000+0 0  9993
2 37605   0.0477 276.5148 0003127 343.3636 268.8276  1.00271534 33889
ST-2                    
1 37606U 11022B   20230.85674503 -.00000218  00000-0  00000+0 0  9994
2 37606   0.0125 109.1558 0001377  62.9062 191.0497  1.00272800 33898
CHINASAT 10 (ZX 10)     
1 37677U 11026A   20230.94249299 -.00000360  00000-0  00000-0 0  9995
2 37677   0.0820 266.4345 0004775 263.9048 246.2451  1.00273079 33624
TIANLIAN 1-02           
1 37737U 11032A   20230.67658006 -.00000024  00000-0  00000-0 0  9996
2 37737   2.8576  75.0491 0015374  92.4473 213.5078  1.00272665 33362
GSAT-12                 
1 37746U 11034A   20230.93301757 -.00000172  00000-0  00000-0 0  9999
2 37746   0.1282 278.0388 0009822 178.3997 289.2001  1.00271304 22142
SES-3                   
1 37748U 11035A   20230.90906380 -.00000108  00000-0  00000-0 0  9991
2 37748   0.0185 300.9629 0002637 209.1052  40.9287  1.00269161 33261
KAZSAT-2                
1 37749U 11035B   20231.09042720 -.00000205  00000-0  00000+0 0  9999
2 37749   0.0221 153.0408 0001618  52.9043 240.0407  1.00271740 33226
BEIDOU 9                
1 37763U 11038A   20230.92697259 -.00000095  00000-0  10000-3 0  9994
2 37763  54.4535 184.8126 0074160 225.7277 345.4938  1.00281755 33296
ASTRA 1N                
1 37775U 11041A   20230.89888624  .00000113  00000-0  00000-0 0  9991
2 37775   0.0396  32.5634 0003395  58.3352 218.6057  1.00270528 23175
BSAT-3C (JCSAT-110R)    
1 37776U 11041B   20230.93457760 -.00000358  00000-0  00000-0 0  9992
2 37776   0.0078 152.8194 0000499 117.4196 142.9169  1.00271795 29137
PAKSAT-1R               
1 37779U 11042A   20231.07049601  .00000146  00000-0  00000+0 0  9996
2 37779   0.0202 145.5821 0003713 314.8762 289.7630  1.00271018 32932
CHINASAT 1A (ZX 1A)     
1 37804U 19001A   20231.18668542 -.00000345  00000-0  00000+0 0  9993
2 37804   0.0627 275.7577 0001488 297.7708 310.5352  1.00270187 32729
COSMOS 2473             
1 37806U 11048A   20230.78326961 -.00000118  00000-0  00000-0 0  9998
2 37806   0.1932 101.2708 0003539  42.5775  90.8325  1.00269327 32710
SES-2                   
1 37809U 11049A   20230.62511087 -.00000201  00000-0  00000-0 0  9993
2 37809   0.0092 275.0686 0002694 233.7517 315.6775  1.00269166 32654
ARABSAT-5C              
1 37810U 11049B   20230.89888646  .00000116  00000-0  00000+0 0  9995
2 37810   0.0609  11.3704 0005074 150.7367 148.1938  1.00271074 32558
EUTELSAT 7 WEST A       
1 37816U 11051A   20230.78457814 -.00000067  00000-0  00000+0 0  9997
2 37816   0.0659  36.0651 0007103 128.7201  76.9734  1.00271449 32616
QUETZSAT 1              
1 37826U 11054A   20231.13591312 -.00000248  00000-0  00000+0 0  9994
2 37826   0.0161 292.3646 0002982 220.6219 145.8864  1.00264250 32743
INTELSAT 18 (IS-18)     
1 37834U 11056A   20230.73485546  .00000046  00000-0  00000-0 0  9997
2 37834   0.0143 104.6594 0001831  50.2324 256.2201  1.00272299 32570
EUTELSAT 16A            
1 37836U 11057A   20230.78920164  .00000097  00000-0  00000+0 0  9990
2 37836   0.0669  12.0588 0005120 133.2103 121.4394  1.00270805 32434
VIASAT-1                
1 37843U 11059A   20230.90662119 -.00000030  00000-0  00000-0 0  9996
2 37843   0.0254 118.4702 0002177  29.6410  29.9027  1.00270243 25971
ASIASAT 7               
1 37933U 11069A   20230.87888016 -.00000341  00000-0  00000-0 0  9994
2 37933   0.0391 263.9927 0001554 214.1420 270.4821  1.00272684 23501
BEIDOU 10               
1 37948U 11073A   20230.66140101 -.00000123  00000-0  10000-3 0  9990
2 37948  51.4726 297.2083 0070660 213.8185 149.3527  1.00282144 32059
LUCH 5A                 
1 37951U 11074B   20231.26342780 -.00000055  00000-0  00000+0 0  9998
2 37951   3.3982 113.1708 0003816  18.9070  96.8751  1.00269869 31849
NIGCOMSAT 1R            
1 38014U 11077A   20230.82549209  .00000138  00000-0  00000-0 0  9990
2 38014   0.0044 333.1855 0002398 158.7110 174.4136  1.00270689 31608
FENGYUN 2F              
1 38049U 12002A   20230.88018870 -.00000365  00000-0  00000-0 0  9991
2 38049   2.2006  83.4111 0000722  81.3331 231.0674  1.00276790 31531
WGS F4 (USA 233)        
1 38070U 12003A   20231.24771806 -.00000222  00000-0  00000+0 0  9993
2 38070   0.0086 123.3224 0000728 121.0869 260.2196  1.00270727 31371
SES-4                   
1 38087U 12007A   20230.78161212 -.00000175  00000-0  00000-0 0  9995
2 38087   0.0174  57.6112 0002507  89.9912  78.3755  1.00271437 30894
BEIDOU 11               
1 38091U 12008A   20230.93382833  .00000050  00000-0  00000-0 0  9993
2 38091   1.6045  68.3958 0001753 287.0342   6.1861  1.00270605 31120
MUOS-1                  
1 38093U 12009A   20231.05309024 -.00000133  00000-0  00000+0 0  9993
2 38093   2.5301   9.8025 0051295   2.5459 233.6540  1.00271254 31107
INTELSAT 22 (IS-22)     
1 38098U 12011A   20231.08754841 -.00000066  00000-0  00000+0 0  9990
2 38098   0.0196 234.2344 0002599 291.8496 264.4312  1.00271492 30700
APSTAR 7                
1 38107U 12013A   20230.92827105 -.00000109  00000-0  00000-0 0  9998
2 38107   0.0222 108.5186 0002367  38.3983 230.5233  1.00272297 30829
YAHSAT 1B               
1 38245U 12016A   20231.08266321  .00000119  00000-0  00000+0 0  9998
2 38245   0.0153 109.6836 0001446  10.4770 284.1033  1.00269296 30571
AEHF-2 (USA 235)        
1 38254U 12019A   20230.90837076 -.00000281  00000-0  00000-0 0  9994
2 38254   2.0986  48.8761 0006867  72.1578 105.0150  1.00265994 29504
JCSAT-13                
1 38331U 12023A   20231.02613435 -.00000364  00000-0  00000+0 0  9991
2 38331   0.0117 139.5059 0002335   8.4123 312.3269  1.00272551 30228
VINASAT-2               
1 38332U 12023B   20230.88411433 -.00000336  00000-0  00000-0 0  9999
2 38332   0.0167 272.9656 0001849 240.5675 263.3095  1.00268738 25306
NIMIQ 6                 
1 38342U 12026A   20231.23694280 -.00000181  00000-0  00000+0 0  9993
2 38342   0.0612 287.5843 0002420 214.9528 178.6943  1.00270294 30249
CHINASAT 2A (ZX 2A)     
1 38352U 12028A   20231.09278257 -.00000301  00000-0  00000+0 0  9996
2 38352   0.0181 159.0405 0001043 141.9840 157.5572  1.00273458 30298
INTELSAT 19 (IS-19)     
1 38356U 12030A   20230.89074426 -.00000064  00000-0  00000-0 0  9999
2 38356   0.0146 101.1985 0002786  50.1990 301.9801  1.00271364 29119
ECHOSTAR 17             
1 38551U 12035A   20231.17036000 -.00000083  00000-0  00000+0 0  9999
2 38551   0.0142 103.3610 0002129  40.8553 137.0002  1.00271577 29772
METEOSAT-10 (MSG-3)     
1 38552U 12035B   20230.78789310  .00000057  00000-0  00000-0 0  9996
2 38552   1.3580 343.4290 0001387 136.7152 139.5264  1.00271394 29537
SES-5                   
1 38652U 12036A   20230.77599469  .00000027  00000-0  00000-0 0  9998
2 38652   0.0432  94.4562 0001886  55.0622 101.4212  1.00272462 23143
TIANLIAN 1-03           
1 38730U 12040A   20230.80188315  .00000118  00000-0  00000-0 0  9999
2 38730   0.3663 104.2415 0002779 300.7143 230.6566  1.00271285 29635
INTELSAT 20 (IS-20)     
1 38740U 12043A   20231.15861708 -.00000032  00000-0  00000+0 0  9991
2 38740   0.0201 119.5908 0001036  73.6032 259.3763  1.00270929 29489
HYLAS 2                 
1 38741U 12043B   20231.15111478  .00000147  00000-0  00000+0 0  9990
2 38741   0.0616 282.5276 0001476 223.4294 266.4404  1.00273644 29503
INTELSAT 21 (IS-21)     
1 38749U 12045A   20230.77445878 -.00000291  00000-0  00000-0 0  9993
2 38749   0.0334 260.2609 0001958 254.3170  32.8288  1.00270726 29190
ASTRA 2F                
1 38778U 12051A   20231.15059137  .00000142  00000-0  00000+0 0  9997
2 38778   0.0943 250.3737 0003267 307.1443 211.8464  1.00270325 28947
GSAT-10                 
1 38779U 12051B   20230.93302041 -.00000172  00000-0  00000-0 0  9993
2 38779   0.0999 280.5290 0000243  73.7512  31.3619  1.00270964 28768
INTELSAT 23 (IS-23)     
1 38867U 12057A   20231.07479826 -.00000292  00000-0  00000+0 0  9991
2 38867   0.0343 252.1183 0001624 258.7598 149.9555  1.00270826 28759
BEIDOU 16               
1 38953U 12059A   20230.94354182 -.00000184  00000-0  00000-0 0  9992
2 38953   1.2477  84.0253 0006278 268.4828  38.0134  1.00272999 28697
LUCH 5B                 
1 38977U 12061A   20230.78283343 -.00000140  00000-0  00000-0 0  9995
2 38977   5.8710  67.2434 0002907  69.3740  95.5375  1.00273890 28824
YAMAL 300K              
1 38978U 12061B   20230.74162352  .00000064  00000-0  00000-0 0  9992
2 38978   0.0227 115.1612 0001693 146.3729 154.9728  1.00270231 28288
STAR ONE C3             
1 38991U 12062A   20231.19647069 -.00000257  00000-0  00000+0 0  9995
2 38991   0.0110 234.7833 0002265 287.9177 160.0611  1.00269326 28509
EUTELSAT 21B            
1 38992U 12062B   20231.14919559  .00000122  00000-0  00000+0 0  9997
2 38992   0.0673  12.4631 0002510 135.1158 254.6591  1.00271081 28527
ECHOSTAR 16             
1 39008U 12065A   20230.48666747 -.00000288  00000-0  00000-0 0  9998
2 39008   0.0128 122.7789 0002008  19.9097 297.3307  1.00272158 28269
CHINASAT 12 (ZX 12)     
1 39017U 12067A   20230.85674503 -.00000214  00000-0  00000+0 0  9998
2 39017   0.0109 125.7232 0003423  24.6025 212.2823  1.00272855 28364
EUTELSAT 70B            
1 39020U 12069A   20231.08719948 -.00000051  00000-0  00000+0 0  9992
2 39020   0.0625   7.5655 0006714 164.7273 256.5013  1.00271595 28265
YAMAL 402               
1 39022U 12070A   20230.85049233  .00000079  00000-0  00000+0 0  9992
2 39022   0.0195 112.5957 0002854  44.9505 170.1951  1.00271788 28243
SKYNET 5D               
1 39034U 12075A   20230.85049233  .00000092  00000-0  00000-0 0  9996
2 39034   0.0752   0.8463 0003214 154.8208 169.9432  1.00270074 27817
MEXSAT 3                
1 39035U 12075B   20230.90670844 -.00000032  00000-0  00000-0 0  9996
2 39035   0.0138 101.6993 0002185  39.2563  37.3821  1.00271904 27835
TDRS 11                 
1 39070U 13004A   20231.13874823  .00000078  00000-0  00000+0 0  9995
2 39070   3.7445 332.9878 0003715  72.9604 156.6816  1.00278116 27635
AMAZONAS 3              
1 39078U 13006A   20230.55854986 -.00000288  00000-0  00000-0 0  9993
2 39078   0.0507 251.9056 0003994 294.7273 279.8606  1.00272303 23548
AZERSPACE 1             
1 39079U 13006B   20231.14647696  .00000126  00000-0  00000+0 0  9997
2 39079   0.0156 124.4256 0001551  48.8153 252.4516  1.00268769 27583
SBIRS GEO-2 (USA 241)   
1 39120U 13011A   20230.79016124  .00000118  00000-0  00000-0 0  9998
2 39120   2.0731 345.7152 0002630 155.5928 130.3560  1.00272443 27205
EUTELSAT 117 WEST A     
1 39122U 13012A   20230.90627226 -.00000019  00000-0  00000-0 0  9996
2 39122   0.0130 299.9169 0002643 212.1695  24.1002  1.00269924 27099
ANIK G1                 
1 39127U 13014A   20231.17927196 -.00000082  00000-0  00000+0 0  9991
2 39127   0.0160 133.9611 0001106  61.1479  89.1327  1.00270147 26898
CHINASAT 11 (ZX 11)     
1 39157U 13020A   20231.28521819 -.00000299  00000-0  00000+0 0  9995
2 39157   0.0131 167.3780 0001477 222.7932 137.6596  1.00271400 26808
EUTELSAT 7B             
1 39163U 13022A   20230.78745692  .00000042  00000-0  00000-0 0  9991
2 39163   0.0723 326.5740 0002027  65.7165 224.8184  1.00274092 26624
WGS F5 (USA 243)        
1 39168U 13024A   20230.77559285 -.00000291  00000-0  00000+0 0  9994
2 39168   0.0265 108.4033 0000697 135.0875 309.8359  1.00268180 26474
SES-6                   
1 39172U 13026A   20231.15131917 -.00000269  00000-0  00000+0 0  9997
2 39172   0.0602 290.8349 0001692 230.9129 179.1982  1.00271341 26375
IRNSS-1A                
1 39199U 13034A   20208.75982554  .00000063  00000-0  00000+0 0  9997
2 39199  30.9373  96.1503 0017292 183.5970 353.9287  1.00279865 26076
MUOS-2                  
1 39206U 13036A   20231.16779030  .00000061  00000-0  00000+0 0  9990
2 39206   2.5935 358.8118 0057916 178.3447  33.1751  1.00271053 25952
ALPHASAT                
1 39215U 13038A   20230.78938403  .00000130  00000-0  00000+0 0  9997
2 39215   2.4711  19.7315 0002186 145.9802 109.9356  1.00271838 25919
INSAT-3D                
1 39216U 13038B   20230.86229940 -.00000163  00000-0  00000+0 0  9993
2 39216   0.0651 280.2664 0001051 239.6920 199.2757  1.00271144 25952
WGS F6 (USA 244)        
1 39222U 13041A   20230.68731008  .00000083  00000-0  00000-0 0  9998
2 39222   0.0132 105.6039 0000415 156.5158 176.6224  1.00272132 24698
EUTELSAT 25B            
1 39233U 13044A   20230.78938403  .00000137  00000-0  00000+0 0  9991
2 39233   0.0553 341.7033 0001612 168.9463 125.6554  1.00273995 25543
GSAT-7                  
1 39234U 13044B   20231.07579645 -.00000084  00000-0  00000+0 0  9996
2 39234   0.0700 277.8349 0006414 334.9310 175.4230  1.00271350 25556
AMOS-4                  
1 39237U 13045A   20230.89542344  .00000000  00000-0  00000-0 0  9993
2 39237   0.0422 258.5508 0001914 217.1020 238.3907  1.00271368 25608
AEHF-3 (USA 246)        
1 39256U 13050A   20231.05257748 -.00000361  00000-0  00000+0 0  9990
2 39256   0.5871   7.8666 0002616 125.3348 323.5534  1.00265300 25337
ASTRA 2E                
1 39285U 13056A   20231.09215892  .00000143  00000-0  00000+0 0  9993
2 39285   0.0624  36.7112 0002056 110.0884 241.7646  1.00273503 25240
SIRIUS FM-6             
1 39360U 13058A   20231.23403624 -.00000024  00000-0  00000+0 0  9996
2 39360   0.0191 249.1238 0000708 130.3654 275.6384  1.00269679 24999
RADUGA-1M 3             
1 39375U 13062A   20230.29048231  .00000150  00000-0  10000-3 0  9995
2 39375   0.5774  97.5668 0005345 324.4888  43.5369  1.00274607 24774
SES-8                   
1 39460U 13071A   20231.06368631 -.00000277  00000-0  00000+0 0  9991
2 39460   0.0673 267.3253 0002324 212.1134 325.3610  1.00270680 24520
INMARSAT 5-F1           
1 39476U 13073A   20230.81368800  .00000021  00000-0  00000+0 0  9996
2 39476   0.0169 117.7509 0000046 180.7282  23.6949  1.00269977 24577
TKSAT-1 (TUPAC KATARI)  
1 39481U 13075A   20230.62511087 -.00000200  00000-0  00000-0 0  9991
2 39481   0.0148 295.5670 0002320 180.3644 348.3684  1.00266871 24246
EXPRESS-AM5             
1 39487U 13077A   20230.88577181 -.00000287  00000-0  00000-0 0  9999
2 39487   0.0549 274.3583 0001235  96.5580  54.7082  1.00271947 25001
GSAT-14                 
1 39498U 14001A   20230.86229940 -.00000084  00000-0  00000+0 0  9998
2 39498   0.0566 273.9413 0003225 311.9172 125.2515  1.00271661 24233
THAICOM 6               
1 39500U 14002A   20230.95049913 -.00000129  00000-0  00000-0 0  9994
2 39500   0.0510 125.4967 0004525  24.6288 237.3138  1.00272208 24101
TDRS 12                 
1 39504U 14004A   20230.90897424 -.00000270  00000-0  00000-0 0  9990
2 39504   4.5796 338.8664 0002625 168.8088 105.2444  1.00278179 22926
ABS-2                   
1 39508U 14006A   20230.74979995 -.00000092  00000-0  00000+0 0  9993
2 39508   0.0171 276.6964 0003287 225.3563 169.3696  1.00268610 23966
ATHENA-FIDUS            
1 39509U 14006B   20230.78382951  .00000147  00000-0  00000-0 0  9999
2 39509   0.0117 158.7810 0000851 347.1708 140.6232  1.00271158 23728
TURKSAT 4A              
1 39522U 14007A   20231.07059510  .00000139  00000-0  00000+0 0  9990
2 39522   0.0888 275.3745 0003132 295.8692 183.0422  1.00274534 23865
EXPRESS-AT1             
1 39612U 14010A   20230.83799646  .00000072  00000-0  00000+0 0  9994
2 39612   0.0541 274.4749 0000302  35.5502  14.3112  1.00272289 23698
EXPRESS-AT2             
1 39613U 14010B   20230.95747972 -.00000288  00000-0  00000+0 0  9993
2 39613   0.0543 275.6334 0000357  41.5251 134.1526  1.00272281 23537
AMAZONAS 4A             
1 39616U 14011A   20230.77123105 -.00000259  00000-0  00000-0 0  9992
2 39616   0.0906  80.4708 0003016  70.8700  18.9038  1.00270289 23341
ASTRA 5B                
1 39617U 14011B   20231.15120201  .00000147  00000-0  00000+0 0  9994
2 39617   0.0443  73.3862 0003348  76.8094 262.6877  1.00272882 23520
IRNSS-1B                
1 39635U 14017A   20202.13758595  .00000113  00000-0  00000+0 0  9992
2 39635  28.5057 276.6608 0022042 187.6475 299.1310  1.00283016 23166
LUCH 5V                 
1 39727U 14023A   20230.87669927 -.00000275  00000-0  00000-0 0  9994
2 39727   0.4651 347.0245 0002998 149.2033 240.8461  1.00270218 23057
KAZSAT-3                
1 39728U 14023B   20231.13651338  .00000053  00000-0  00000+0 0  9994
2 39728   0.0361 225.3863 0000394  16.3454 192.8467  1.00272805 23095
EUTELSAT 3B             
1 39773U 14030A   20230.77369367  .00000013  00000-0  00000+0 0  9995
2 39773   0.0766 329.4302 0005633 197.9537  80.8360  1.00271045 22864
USA 253                 
1 40099U 14043A   20219.99742649 -.00000263  00000-0  00000+0 0  9999
2 40099   0.0549 104.9040 0001299   8.5493 297.2045  1.00153274  6604
USA 254                 
1 40100U 14043B   20220.54754227  .00000023  00000-0  00000+0 0  9993
2 40100   0.6855  96.6491 0000553  14.4099 217.5720  1.00359231  6291
ASIASAT 8               
1 40107U 14046A   20231.14413590 -.00000041  00000-0  00000+0 0  9997
2 40107   0.0581 276.0573 0002292 206.1769 252.7441  1.00271426 22152
ASIASAT 6               
1 40141U 14052A   20231.04702295 -.00000369  00000-0  00000+0 0  9997
2 40141   0.0207 122.6242 0000681  64.3272 276.7571  1.00271657 21815
OPTUS 10                
1 40146U 14054A   20230.99007753 -.00000154  00000-0  00000+0 0  9996
2 40146   0.0285 188.5650 0004191 328.8745 321.7890  1.00271233 21773
MEASAT-3B               
1 40147U 14054B   20231.09138681 -.00000249  00000-0  00000+0 0  9999
2 40147   0.0345 337.6271 0001159 127.6882 345.9892  1.00272785 21824
LUCH (OLYMP)            
1 40258U 14058A   20230.90656334 -.00000019  00000-0  00000-0 0  9991
2 40258   0.0274 124.5768 0001383  14.5071 152.9345  1.00271646 19646
HIMAWARI-8              
1 40267U 14060A   20230.88585904 -.00000282  00000-0  00000-0 0  9997
2 40267   0.0314 219.1643 0000842 331.5895 235.5314  1.00273059 21400
IRNSS-1C                
1 40269U 14061A   20230.94354182 -.00000170  00000-0  00000-0 0  9995
2 40269   1.9351 171.2611 0020793  16.4816 201.7063  1.00271710 21335
INTELSAT 30 (IS-30)     
1 40271U 14062A   20231.10385899 -.00000158  00000-0  00000+0 0  9992
2 40271   0.0282 114.9632 0001637 336.4707 177.8426  1.00268249 21416
ARSAT 1                 
1 40272U 14062B   20230.77175447 -.00000266  00000-0  00000+0 0  9991
2 40272   0.0542 274.7187 0001327 242.8796  15.0322  1.00270227 21530
EXPRESS-AM6             
1 40277U 14064A   20231.08371003  .00000091  00000-0  00000+0 0  9994
2 40277   0.0657 273.5069 0000797 295.4289 201.1141  1.00270132 21328
GSAT-16                 
1 40332U 14078A   20230.85049233  .00000078  00000-0  00000+0 0  9997
2 40332   0.1052 276.3845 0006532 184.5408 226.9955  1.00271630 20902
DIRECTV 14              
1 40333U 14078B   20230.60336024 -.00000131  00000-0  00000+0 0  9999
2 40333   0.0167 143.8343 0000483 229.3789  71.1863  1.00270189 20893
YAMAL 401               
1 40345U 14082A   20231.09112508 -.00000236  00000-0  00000+0 0  9996
2 40345   0.0133 101.3407 0000638 204.1568 144.1792  1.00273354 21066
ASTRA 2G                
1 40364U 14089A   20230.78938403  .00000143  00000-0  00000-0 0  9996
2 40364   0.0585 301.1989 0003168 154.1873 183.6169  1.00275171 20612
FENGYUN 2G              
1 40367U 14090A   20230.87765887 -.00000307  00000-0  00000-0 0  9998
2 40367   2.2245  93.8057 0001057 331.5181 316.7229  1.00265218 20685
MUOS-3                  
1 40374U 15002A   20230.78309513 -.00000130  00000-0  00000-0 0  9994
2 40374   2.7707 348.8122 0058982 178.1072  66.1304  1.00271879 20242
INMARSAT 5-F2           
1 40384U 15005A   20230.77506943 -.00000292  00000-0  00000+0 0  9991
2 40384   0.0279 115.3665 0000164 231.3816 203.8716  1.00268606 20324
ABS-3A                  
1 40424U 15010A   20230.78545050 -.00000033  00000-0  00000-0 0  9999
2 40424   0.0169  92.9204 0002533 336.6339 176.7959  1.00271861 20051
EUTELSAT 115 WEST B     
1 40425U 15010B   20231.17490608 -.00000031  00000-0  00000+0 0  9999
2 40425   0.0108 234.5403 0000568 305.7265  94.7681  1.00262407 20081
EXPRESS-AM7             
1 40505U 15012A   20229.50195723  .00000147  00000-0  10027+1 0  9992
2 40505   0.0062 266.2154 0002500 251.5112  28.3181  1.00270091 19995
IRNSS-1D                
1 40547U 15018A   20231.05257748 -.00000265  00000-0  00000+0 0  9994
2 40547  29.1339 276.2643 0021595 188.3949 352.9972  1.00272428 19893
BEIDOU 17               
1 40549U 15019A   20230.71577135 -.00000177  00000-0  00000-0 0  9997
2 40549  52.9655 320.4989 0040356 189.5932 171.5682  1.00274252 19739
THOR 7                  
1 40613U 15022A   20230.90656334 -.00000015  00000-0  00000-0 0  9994
2 40613   0.0132 171.0885 0002301 336.4497 144.8872  1.00271995 19473
TURKMENALEM52E/MONACOSAT
1 40617U 15023A   20231.08353556  .00000096  00000-0  00000+0 0  9996
2 40617   0.0126 101.0015 0002941  56.9843 251.0005  1.00270794 19483
DIRECTV 15              
1 40663U 15026A   20230.90906380 -.00000109  00000-0  00000-0 0  9996
2 40663   0.0127 102.3916 0000585 110.7863 337.9782  1.00268743 19119
SKY MEXICO-1            
1 40664U 15026B   20231.10268619 -.00000242  00000-0  00000+0 0  9993
2 40664   0.0258 116.0586 0001754  37.5174 131.5434  1.00268457 19181
METEOSAT-11 (MSG-4)     
1 40732U 15034A   20230.78614840 -.00000006  00000-0  00000-0 0  9991
2 40732   0.6974 271.9423 0003508 229.4111 108.6010  1.00277299 18684
STAR ONE C4             
1 40733U 15034B   20230.48492274 -.00000271  00000-0  00000-0 0  9998
2 40733   0.0475 300.2534 0001080 220.1543 270.4803  1.00270461 18664
WGS F7 (USA 263)        
1 40746U 15036A   20230.74354922  .00000010  00000-0  00000-0 0  9990
2 40746   0.0128  84.2193 0000258 354.1789 330.8304  1.00269344 18529
INTELSAT 34 (IS-34)     
1 40874U 15039A   20231.08035521 -.00000293  00000-0  00000+0 0  9997
2 40874   0.0067  94.9786 0000771 288.9801 276.4011  1.00271839 18272
EUTELSAT 8 WEST B       
1 40875U 15039B   20230.78440368 -.00000072  00000-0  00000+0 0  9998
2 40875   0.0697  28.7045 0004834  96.8154 115.4688  1.00272205 18333
GSAT-6                  
1 40880U 15041A   20231.01784694 -.00000167  00000-0  00000+0 0  9992
2 40880   0.0857 273.8139 0004959 291.5660 210.3761  1.00270234 18289
INMARSAT 5-F3           
1 40882U 15042A   20230.73485546  .00000043  00000-0  00000+0 0  9999
2 40882   0.0284 116.2261 0000240 288.9725   5.4977  1.00270507 18209
MUOS-4                  
1 40887U 15044A   20230.80813385 -.00000096  00000-0  00000-0 0  9990
2 40887   2.8991 345.0688 0051219   0.7134 346.8295  1.00271601 18212
TJS-1                   
1 40892U 15046A   20231.26771931 -.00000164  00000-0  10000-3 0  9999
2 40892   0.0652 276.5855 0004727  92.6779 209.1884  1.00270822 18201
EXPRESS-AM8             
1 40895U 15048A   20230.92677267 -.00000119  00000-0  00000+0 0  9998
2 40895   0.0241 246.2530 0000171 346.9770  53.1466  1.00271524 18020
BEIDOU 20               
1 40938U 15053A   20230.61993828 -.00000078  00000-0  00000-0 0  9997
2 40938  52.5251 283.5335 0051974 190.3135 170.3793  1.00259143 18018
SKY MUSTER (NBN1A)      
1 40940U 15054A   20230.88577181 -.00000286  00000-0  00000-0 0  9991
2 40940   0.0133 140.0524 0001532   6.9300 278.8375  1.00269796 17919
ARSAT 2                 
1 40941U 15054B   20231.05701584 -.00000232  00000-0  00000+0 0  9998
2 40941   0.0460 267.3976 0001356 241.7780 117.2236  1.00271317 17961
MORELOS 3               
1 40946U 15056A   20230.90705737 -.00000044  00000-0  00000-0 0  9994
2 40946   4.7251 328.8084 0003625 183.7503  27.5964  1.00272447 17930
APSTAR 9                
1 40982U 15059A   20231.13746208 -.00000273  00000-0  00000+0 0  9994
2 40982   0.0455 263.3212 0002746 232.7881  22.3524  1.00272877 17806
TURKSAT 4B              
1 40984U 15060A   20231.14678194  .00000107  00000-0  00000+0 0  9992
2 40984   0.0111 247.1987 0002088 274.0802 268.5197  1.00273331 17768
CHINASAT 2C (ZX 2C)     
1 41021U 15063A   20230.91715968 -.00000331  00000-0  00000-0 0  9994
2 41021   0.0586 277.2141 0000778 247.5252 235.6157  1.00270925 17667
GSAT-15                 
1 41028U 15065A   20230.87643757 -.00000265  00000-0  00000-0 0  9990
2 41028   0.0628 278.3687 0002581 196.3314 261.0246  1.00272301 17451
BADR-7 (ARABSAT-6B)     
1 41029U 15065B   20230.79120807  .00000138  00000-0  00000+0 0  9995
2 41029   0.0668 268.9449 0005717 307.2336  61.2702  1.00275363 17557
LAOSAT 1                
1 41034U 15067A   20231.02700671 -.00000350  00000-0  00000+0 0  9990
2 41034   0.0183 171.1144 0001022 299.6396 354.3236  1.00273511 17491
TELSTAR 12V             
1 41036U 15068A   20231.14195501 -.00000127  00000-0  00000+0 0  9998
2 41036   0.0253 118.4895 0001605  25.8967 218.6911  1.00269575 17383
CHINASAT 1C (ZX 1C)     
1 41103U 15073A   20231.16123414 -.00000159  00000-0  00000+0 0  9990
2 41103   1.7601  91.8996 0001304  31.0270 343.5792  1.00272146 17328
ELEKTRO-L 2             
1 41105U 15074A   20230.84228722 -.00000143  00000-0  00000-0 0  9999
2 41105   1.3417  96.6035 0017980  89.4979  71.7441  1.00041632 17165
COSMOS 2513             
1 41121U 15075A   20230.87382049 -.00000145  00000-0  00000-0 0  9996
2 41121   0.0449 116.1195 0001708  39.0257 206.3639  1.00272235 17171
EXPRESS-AMU1            
1 41191U 15082A   20231.07045789  .00000148  00000-0  00000+0 0  9992
2 41191   0.0134 108.2221 0002502  50.0162 230.1002  1.00273112 17165
GAOFEN 4                
1 41194U 15083A   20230.91715968 -.00000342  00000-0  00000-0 0  9999
2 41194   0.0764 270.6582 0005883 275.7209 216.2727  1.00271664 17141
BELINTERSAT-1           
1 41238U 16001A   20231.14678194  .00000099  00000-0  00000+0 0  9991
2 41238   0.0473 298.4141 0001243 201.1100 291.7579  1.00272048 16908
IRNSS-1E                
1 41241U 16003A   20230.56907135 -.00000307  00000-0  00000-0 0  9996
2 41241  29.3314  95.2584 0020121 178.0315   9.8140  1.00273133 16728
EUTELSAT 9B             
1 41310U 16005A   20230.78780587  .00000055  00000-0  00000+0 0  9997
2 41310   0.0611  80.0273 0003105 167.4344  11.7399  1.00271042 16753
SES-9                   
1 41380U 16013A   20230.73452198 -.00000352  00000-0  00000+0 0  9993
2 41380   0.0597 278.6164 0001626 199.7618 220.9139  1.00271380 16408
EUTELSAT 65 WEST A      
1 41382U 16014A   20231.08590959 -.00000284  00000-0  00000+0 0  9997
2 41382   0.0561 341.6385 0001672 166.5497 144.4363  1.00269275 16291
IRNSS-1F                
1 41384U 16015A   20231.09215892  .00000150  00000-0  00000+0 0  9992
2 41384   2.1097 213.6833 0019032 186.6204 352.0687  1.00274147 16339
BEIDOU IGSO-6           
1 41434U 16021A   20230.92943660 -.00000114  00000-0  00000+0 0  9998
2 41434  57.1231  59.8560 0039909 203.3390 132.4888  1.00287447 16138
IRNSS-1G                
1 41469U 16027A   20230.93215196 -.00000345  00000-0  00000-0 0  9996
2 41469   2.1240 216.9181 0006199 276.7098 298.0282  1.00267563 15846
JCSAT-2B                
1 41471U 16028A   20230.73174257 -.00000172  00000-0  00000-0 0  9998
2 41471   0.0139 101.3221 0002069  53.6137 229.0451  1.00272499 15759
THAICOM 8               
1 41552U 16031A   20230.95049772 -.00000128  00000-0  00000-0 0  9990
2 41552   0.0714  82.2084 0002573 354.9510 310.2191  1.00271403 15369
INTELSAT 31 (IS-31)     
1 41581U 16035A   20230.47995029 -.00000155  00000-0  00000+0 0  9997
2 41581   0.0250 212.8337 0001358  49.1677 142.0315  1.00258714 15342
BEIDOU-2 G7             
1 41586U 16037A   20231.00936069 -.00000361  00000-0  00000+0 0  9992
2 41586   1.6150  66.0287 0007632   6.2109   8.5213  1.00272043 15435
ABS-2A (MONGOLSAT-1)    
1 41588U 16038A   20231.07549562 -.00000091  00000-0  00000+0 0  9990
2 41588   0.0109  93.3352 0001860 313.7911  21.6806  1.00270640 15350
EUTELSAT 117 WEST B     
1 41589U 16038B   20231.04986251 -.00000020  00000-0  00000+0 0  9990
2 41589   0.0161 258.4893 0000193  91.7742 237.5468  1.00276380 15355
BRISAT                  
1 41591U 16039A   20230.67896637 -.00000204  00000-0  00000-0 0  9995
2 41591   0.0159 116.0851 0001921  32.9459 212.3970  1.00268986 15273
ECHOSTAR 18             
1 41592U 16039B   20230.48666747 -.00000288  00000-0  00000+0 0  9993
2 41592   0.0259 120.0898 0001354  37.6340 282.4344  1.00269290 15274
MUOS-5                  
1 41622U 16041A   20230.69271872 -.00000120  00000-0  00000+0 0  9999
2 41622   7.1207 306.7938 0205466 218.9270 305.1079  1.00271248 15716
TIANTONG-1 1            
1 41725U 16048A   20230.75397360 -.00000320  00000-0  00000-0 0  9991
2 41725   2.9057 335.2031 0000648 211.6975 152.4683  1.00268937 14910
JCSAT-16                
1 41729U 16050A   20230.87758622 -.00000238  00000-0  00000+0 0  9990
2 41729   0.1247  92.7506 0003379 131.7114 148.5502  1.00268437 14717
USA 270                 
1 41744U 16052A   20220.07757809  .00000102  00000-0  00000+0 0  9995
2 41744   0.6750  96.1854 0013482 127.0454 171.2557  1.00263206  6682
USA 271                 
1 41745U 16052B   20220.52933324 -.00000334  00000-0  00000+0 0  9992
2 41745   0.3426  97.8030 0001037 158.1870  25.3903  1.00201719  6487
INTELSAT 36 (IS-36)     
1 41747U 16053A   20230.75465962 -.00000031  00000-0  00000+0 0  9993
2 41747   0.0213  91.2276 0002247 274.7973 300.7423  1.00269773 14607
INTELSAT 33E (IS-33E)   
1 41748U 16053B   20230.90805206  .00000041  00000-0  00000-0 0  9991
2 41748   0.0129  78.2837 0001840  82.9032 192.4449  1.00273138 14890
INSAT-3DR               
1 41752U 16054A   20231.07579645 -.00000085  00000-0  00000+0 0  9999
2 41752   0.0503  99.9855 0011101 164.2079 164.0158  1.00272570 14450
GSAT-18                 
1 41793U 16060A   20231.07579645 -.00000084  00000-0  00000+0 0  9990
2 41793   0.0220 127.7136 0002608 350.8484 309.6243  1.00269825 14189
SKY MUSTER 2            
1 41794U 16060B   20230.99563182 -.00000252  00000-0  00000+0 0  9997
2 41794   0.0137 159.4479 0001271 346.7147 323.8766  1.00270963 14222
HIMAWARI-9              
1 41836U 16064A   20230.88585904 -.00000283  00000-0  00000-0 0  9997
2 41836   0.0124 246.6328 0000761 291.4083 248.3290  1.00267497 13832
SHIJIAN-17 (SJ-17)      
1 41838U 16065A   20230.88873785 -.00000220  00000-0  00000-0 0  9998
2 41838   0.3833  94.1439 0011986   9.4179 338.2108  0.99979138 13855
GOES 16                 
1 41866U 16071A   20230.55567108 -.00000254  00000-0  00000-0 0  9996
2 41866   0.0477 121.5945 0000560  94.8851 234.7618  1.00271045 13755
TIANLIAN 1-04           
1 41869U 16072A   20231.11229870 -.00000114  00000-0  00000+0 0  9998
2 41869   0.0775 285.7365 0017878 176.4406 342.1897  1.00271401 13963
WGS F8 (USA 272)        
1 41879U 16075A   20230.88769101 -.00000210  00000-0  00000-0 0  9999
2 41879   0.0172  89.0734 0000270  19.2487 327.7363  1.00271699 13484
FENGYUN 4A              
1 41882U 16077A   20230.94041182 -.00000337  00000-0  00000-0 0  9994
2 41882   0.0904  84.4338 0004051  59.6313 265.8447  1.00266897 13633
ECHOSTAR 19             
1 41893U 16079A   20230.60531884 -.00000145  00000-0  00000-0 0  9991
2 41893   0.0140  98.9090 0001180  52.8959 295.4428  1.00272276 13358
JCSAT-15                
1 41903U 16082A   20230.94249299 -.00000358  00000-0  00000-0 0  9996
2 41903   0.0383 266.0462 0001299 252.1193 257.9635  1.00271440 13407
STAR ONE D1             
1 41904U 16082B   20230.55392635 -.00000217  00000-0  00000+0 0  9990
2 41904   0.0198 248.6458 0002365 256.3939 296.7412  1.00273618 13438
TJS-2                   
1 41911U 17001A   20231.05257748 -.00000350  00000-0  00000+0 0  9999
2 41911   0.2501  97.3647 0005849 292.7987  63.1506  1.00269959 13378
SBIRS GEO-4 (USA 273)   
1 41937U 17004A   20231.15210249  .00000125  00000-0  00000+0 0  9995
2 41937   3.6739 312.0246 0002283 197.6953  72.6053  1.00272271 13253
HISPASAT 36W-1          
1 41942U 17006A   20231.06924385 -.00000252  00000-0  00000+0 0  9998
2 41942   0.0162 107.6169 0001167   6.9381 201.2769  1.00267220 13172
TELKOM 3S               
1 41944U 17007A   20231.02491306 -.00000370  00000-0  00000+0 0  9990
2 41944   0.0138 112.6356 0001857  44.1715 297.0171  1.00270991 12866
INTELSAT 32E (IS-32E)   
1 41945U 17007B   20230.77742480 -.00000276  00000-0  00000+0 0  9999
2 41945   0.0120 100.6007 0000361 268.0346 194.6734  1.00269203 12898
ECHOSTAR 23             
1 42070U 17014A   20230.90837076 -.00000277  00000-0  00000-0 0  9990
2 42070   0.0150 105.2464 0002112  38.9890  81.6107  1.00271414 12585
WGS F9 (USA 275)        
1 42075U 17016A   20230.83799646  .00000066  00000-0  00000+0 0  9993
2 42075   0.0100  91.8004 0000339 133.7108  99.6466  1.00269991 12573
SES-10                  
1 42432U 17017A   20231.08590959 -.00000280  00000-0  00000+0 0  9994
2 42432   0.0268 104.7008 0002450  55.7055 130.5312  1.00262133 12399
CHINASAT 16 (SJ-13)     
1 42662U 17018A   20230.97260476 -.00000359  00000-0  00000+0 0  9992
2 42662   0.0523  88.4388 0005889 131.4815 207.5400  1.00272611 12397
KOREASAT 7              
1 42691U 17023A   20230.93383691 -.00000369  00000-0  00000-0 0  9993
2 42691   0.0259  74.7639 0001924  75.0517 269.0047  1.00272048 12013
SGDC                    
1 42692U 17023B   20230.30202001 -.00000255  00000-0  00000+0 0  9993
2 42692   0.0115  72.0079 0002425  80.4771 207.5267  1.00271851 12093
GSAT-9                  
1 42695U 17024A   20230.87722269 -.00000293  00000-0  00000-0 0  9995
2 42695   0.1265 275.4912 0002149 230.3191 234.0007  1.00270604 11959
INMARSAT 5-F4           
1 42698U 17025A   20230.83799646  .00000069  00000-0  00000+0 0  9997
2 42698   0.0266 117.1978 0000683 140.3604  67.2787  1.00268835 11905
SES-15                  
1 42709U 17026A   20231.01577319  .00000053  00000-0  00000+0 0  9996
2 42709   0.0141  84.0715 0000300 100.3130  18.9853  1.00269249 12837
QZS-2 (MICHIBIKI-2)     
1 42738U 17028A   20230.32736530 -.00000102  00000-0  00000-0 0  9992
2 42738  42.8902 273.5750 0753666 269.8125  41.8909  1.00271582 11780
VIASAT-2                
1 42740U 17029A   20230.77210341 -.00000272  00000-0  00000+0 0  9999
2 42740   0.0391 269.2613 0000255  28.7680 236.6256  1.00271288 11825
EUTELSAT 172B           
1 42741U 17029B   20230.89214003 -.00000013  00000-0  00000+0 0  9995
2 42741   0.0283 124.4560 0000321 187.6992 147.7329  1.00269874 12354
GSAT-19                 
1 42747U 17031A   20230.85049233  .00000118  00000-0  00000+0 0  9996
2 42747   0.0826 277.1070 0006518 185.9035 217.7129  1.00271602 11771
ECHOSTAR 21             
1 42749U 17032A   20230.35737698  .00000065  00000-0  00000-0 0  9995
2 42749   5.3799 312.3594 0001768 185.5591 327.1951  1.00273306 11758
CHINASAT 9A (ZX 9A)     
1 42763U 17035A   20230.97132256 -.00000320  00000-0  00000-0 0  9996
2 42763   0.0381 125.2359 0001998  12.7869 279.8854  1.00270206 12300
BULGARIASAT-1           
1 42801U 17038A   20230.78641009  .00000004  00000-0  00000-0 0  9990
2 42801   0.0202 225.4027 0002647 278.2433 107.9483  1.00271445 11470
HELLAS-SAT 3            
1 42814U 17040A   20231.07051888  .00000145  00000-0  00000+0 0  9995
2 42814   0.0702  34.7624 0001984  54.1897 302.3184  1.00270484 11517
GSAT-17                 
1 42815U 17040B   20230.87643757 -.00000265  00000-0  00000-0 0  9990
2 42815   0.0916 274.0147 0002686 352.6892 109.0184  1.00271989 11439
INTELSAT 35E (IS-35E)   
1 42818U 17041A   20230.77916951 -.00000245  00000-0  00000-0 0  9990
2 42818   0.0416 232.6506 0001288 286.8514  53.1014  1.00269700 11521
COSMOS 2520             
1 42907U 17046A   20231.14647696  .00000129  00000-0  00000+0 0  9992
2 42907   0.0266 110.4626 0001268  29.9374 284.2655  1.00276434 11044
TDRS 13                 
1 42915U 17047A   20230.77682924 -.00000100  00000-0  00000+0 0  9993
2 42915   5.4826 330.2337 0015602 107.7086 156.8324  1.00271227 11027
QZS-3 (MICHIBIKI-3)     
1 42917U 17048A   20231.04702295 -.00000356  00000-0  00000+0 0  9994
2 42917   0.0549 192.4082 0000888 355.7264 282.5893  1.00265630 11029
AMAZONAS 5              
1 42934U 17053A   20231.08035521 -.00000290  00000-0  00000+0 0  9991
2 42934   0.0470 297.4253 0001122 265.3874  91.9913  1.00266039 10772
ASIASAT 9               
1 42942U 17057A   20231.38467441 -.00000368  00000-0  00000+0 0  9993
2 42942   0.0156 122.0310 0002083  24.0746  81.6785  1.00270374 10594
INTELSAT 37E (IS-37E)   
1 42950U 17059A   20230.78248448 -.00000148  00000-0  00000+0 0  9997
2 42950   0.0204 134.8299 0003171  30.8199  64.6449  1.00268898 10697
BSAT-4A                 
1 42951U 17059B   20230.93457760 -.00000358  00000-0  00000-0 0  9998
2 42951   0.0411  17.5944 0002196  85.9584 309.4847  1.00272709 10448
QZS-4 (MICHIBIKI-4)     
1 42965U 17062A   20230.72705649 -.00000299  00000-0  00000+0 0  9999
2 42965  40.8283  10.7935 0747111 269.0478  86.5467  1.00289555 10467
SES-11 (ECHOSTAR 105)   
1 42967U 17063A   20230.90871485 -.00000096  00000-0  00000-0 0  9990
2 42967   0.0129 120.9389 0001645  35.5594  32.4140  1.00271370 10467
KOREASAT 5A             
1 42984U 17067A   20231.02395346 -.00000365  00000-0  00000+0 0  9992
2 42984   0.0264 127.6542 0001818  34.1202 286.8479  1.00266951 10283
ALCOMSAT 1              
1 43039U 17078A   20231.10707564 -.00000194  00000-0  00000+0 0  9994
2 43039   0.0543 246.2271 0001848 259.4022 195.0314  1.00272421  9924
SBIRS GEO-3 (USA 282)   
1 43162U 18009A   20230.75290170 -.00000293  00000-0  00000-0 0  9997
2 43162   4.8404 317.0646 0002289 193.3870 226.1664  1.00271126  9496
AL YAH 3                
1 43174U 18012A   20230.78204830 -.00000162  00000-0  00000-0 0  9990
2 43174   0.0452 273.3989 0001763 240.0158  74.6229  1.00270231  9498
SES-14                  
1 43175U 18012B   20231.07479826 -.00000286  00000-0  00000+0 0  9999
2 43175   0.0032 220.8265 0000753 290.9154 154.5733  1.00270950  9705
GOES 17                 
1 43226U 18022A   20230.75866907  .00000091  00000-0  00000+0 0  9994
2 43226   0.0579 282.2456 0000226 295.8055 244.4572  1.00271689  9082
HISPASAT 30W-6          
1 43228U 18023A   20230.78004187 -.00000223  00000-0  00000+0 0  9992
2 43228   0.0364  56.7518 0004163  60.5467 100.1142  1.00270827  9148
SUPERBIRD 8             
1 43271U 18033A   20230.86581615 -.00000100  00000-0  00000+0 0  9990
2 43271   0.0197 119.3296 0001093  28.1412 292.8987  1.00269823  8697
HYLAS 4                 
1 43272U 18033B   20230.77934399 -.00000240  00000-0  00000+0 0  9997
2 43272   0.0631 123.0588 0004248  45.2509  45.3669  1.00271279  8729
IRNSS-1I                
1 43286U 18035A   20230.72534494  .00000079  00000-0  00000+0 0  9990
2 43286  29.2696 108.4129 0018365 179.0598 355.2795  1.00270311  8713
USA 283                 
1 43339U 18036A   20230.52566191 -.00000323  00000-0  00000+0 0  9990
2 43339   0.0066 245.2970 0000488 358.2463  46.1378  1.00270289  3951
COSMOS 2526             
1 43432U 18037A   20231.02691948 -.00000352  00000-0  00000+0 0  9992
2 43432   0.0268 109.4319 0001290  29.1035 326.0308  1.00273185  8617
APSTAR 6C               
1 43450U 18041A   20231.31521359 -.00000326  00000-0  00000+0 0  9998
2 43450   0.0321 197.7582 0002445 255.2329 121.6195  1.00269635  8494
BANGABANDHUSAT-1        
1 43463U 18044A   20230.88158448 -.00000370  00000-0  00000-0 0  9991
2 43463   0.0152 133.8243 0001793  27.2834 242.0624  1.00270381  8358
SES-12                  
1 43488U 18049A   20230.87678650 -.00000277  00000-0  00000-0 0  9990
2 43488   0.0205  73.7578 0001525 167.0302 136.5582  1.00270344  8071
FENGYUN 2H              
1 43491U 18050A   20230.95049338 -.00000134  00000-0  00000-0 0  9992
2 43491   0.5166 271.3716 0003124 238.2680 238.3232  1.00275370  8160
BEIDOU IGSO-7           
1 43539U 18057A   20230.92244225 -.00000141  00000-0  00000-0 0  9999
2 43539  55.0486 181.6910 0029460 214.8177  11.9354  1.00248769  7806
TELSTAR 19V             
1 43562U 18059A   20230.77349918 -.00000286  00000-0  00000-0 0  9995
2 43562   0.0096 148.9542 0003080  20.6081  12.4911  1.00270401  7806
TELKOM 4 (MERAH PUTIH)  
1 43587U 18064A   20230.92750591 -.00000351  00000-0  00000-0 0  9991
2 43587   0.0143 111.6847 0001083  55.1691 241.7890  1.00271049  7512
TELSTAR 18V (APSTAR 5C) 
1 43611U 18069A   20230.95713078 -.00000301  00000-0  00000+0 0  9990
2 43611   0.0277 117.1312 0001914  35.5890 296.6239  1.00268611  7261
AZERSPACE 2 (IS-38)     
1 43632U 18074A   20231.14647696  .00000129  00000-0  00000+0 0  9990
2 43632   0.0136 103.1627 0001271  52.2864 269.3525  1.00271317  7144
HORIZONS 3E             
1 43633U 18074B   20230.89152937 -.00000038  00000-0  00000+0 0  9991
2 43633   0.0045  26.7205 0000400 297.5877 132.3457  1.00268491  6979
AEHF-4 (USA 288)        
1 43651U 18079A   20231.15635865  .00000124  00000-0  00000+0 0  9997
2 43651   3.7534 311.2314 0005433 190.9285  91.0006  1.00270926  6949
BEIDOU-3 G1             
1 43683U 18085A   20231.41785755 -.00000288  00000-0  00000+0 0  9994
2 43683   1.6357 252.9620 0003105 341.3601  23.3520  1.00269593  6726
GSAT-29                 
1 43698U 18089A   20231.01235108  .00000078  00000-0  00000+0 0  9998
2 43698   0.0650 276.7354 0001215 180.9181 288.6684  1.00272026  6473
ES'HAIL 2               
1 43700U 18090A   20230.78938403  .00000137  00000-0  00000-0 0  9992
2 43700   0.0128 100.7338 0001736  77.3141  98.5317  1.00271036  6323
GEO-KOMPSAT-2A          
1 43823U 18100A   20230.94071463 -.00000351  00000-0  00000-0 0  9991
2 43823   0.0255 111.4785 0001868   5.4590 316.7473  1.00267825  6252
GSAT-11                 
1 43824U 18100B   20231.07579645 -.00000085  00000-0  00000+0 0  9995
2 43824   0.0976 275.4233 0007708 204.2249 308.5364  1.00271711  6281
GSAT-7A                 
1 43864U 18105A   20231.13681434  .00000019  00000-0  00000+0 0  9997
2 43864   0.0614 283.8838 0001583 207.2108 307.8617  1.00271545  6110
COSMOS 2533             
1 43867U 18107A   20230.81368800 -.00000045  00000-0  00000+0 0  9995
2 43867   0.0166 121.6744 0000883   3.0056 204.8711  1.00270773  6074
TJS-3                   
1 43874U 18110A   20230.88882507 -.00000226  00000-0  00000-0 0  9991
2 43874   0.0314 161.6232 0001395  35.5590 245.1639  0.99915765  6065
TJS-3 AKM               
1 43917U 18110C   20230.93163753  .00000050  00000-0  00000-0 0  9994
2 43917   0.0657 146.5474 0002699   3.0193 211.5742  1.00267934  6007
CHINASAT 2D (ZX 2D)     
1 43920U 19001A   20230.88376538 -.00000344  00000-0  00000-0 0  9996
2 43920   0.0575 272.5648 0001700 145.1985 357.1189  1.00272838 32721
HELLAS-SAT 4 & SGS-1    
1 44034U 19007A   20230.78382951  .00000146  00000-0  00000-0 0  9993
2 44034   0.0642 125.2612 0006200  28.6135 133.8908  1.00270446  6003
GSAT-31                 
1 44035U 19007B   20230.85049233  .00000118  00000-0  00000-0 0  9994
2 44035   0.0602 286.5840 0001920 280.6566 113.4734  1.00270717  5625
NUSANTARA SATU          
1 44048U 19009A   20230.88690588 -.00000242  00000-0  00000-0 0  9997
2 44048   0.0128  89.8552 0001790  59.0046 283.1302  1.00270507  5401
CHINASAT 6C (ZX 6C)     
1 44067U 19012A   20231.02726843 -.00000345  00000-0  00000+0 0  9996
2 44067   0.0651 258.6655 0002624 344.6276 223.3596  1.00268467  5388
WGS 10 (USA 291)        
1 44071U 19014A   20230.79085913  .00000132  00000-0  00000+0 0  9995
2 44071   0.0831 100.1744 0000155 144.7902  30.3704  1.00272479  5256
TIANLIAN 2-01           
1 44076U 19017A   20230.87373324 -.00000144  00000-0  00000-0 0  9993
2 44076   1.8655 285.7136 0034235 215.9614 219.5977  1.00274063  5261
ARABSAT-6A              
1 44186U 19021A   20231.09215892  .00000146  00000-0  00000+0 0  9990
2 44186   0.0606 317.0411 0005218 263.4896 170.0261  1.00273113  4849
BEIDOU-3 IGSO-1         
1 44204U 19023A   20230.94563230 -.00000178  00000-0  10000-3 0  9999
2 44204  55.5821  60.2367 0017918 178.0659 182.6394  1.00275907  5018
BEIDOU-2 G8             
1 44231U 19027A   20230.99563182 -.00000253  00000-0  00000+0 0  9993
2 44231   0.8496 299.0048 0007219 268.3340 262.4269  1.00274985  4720
YAMAL 601               
1 44307U 19031A   20230.85049233  .00000113  00000-0  00000-0 0  9998
2 44307   0.0126 110.2858 0001571  49.3808 162.1802  1.00271470  4602
AT&T T-16               
1 44333U 19034A   20230.60246262 -.00000121  00000-0  00000-0 0  9994
2 44333   0.0441 282.8926 0000312  40.8187 118.7499  1.00268386  4286
EUTELSAT 7C             
1 44334U 19034B   20231.08621366  .00000040  00000-0  00000+0 0  9998
2 44334   0.0110 152.1352 0003109 344.8121 227.9479  1.00272346  4781
BEIDOU-3 IGSO-2         
1 44337U 19035A   20231.05969834 -.00000145  00000-0  00000+0 0  9991
2 44337  55.0748 177.7433 0014186 190.0683  88.5460  1.00271835  4340
COSMOS 2539             
1 44457U 19048A   20231.09771588  .00000074  00000-0  00000+0 0  9999
2 44457   0.0194 127.3555 0000988 161.2650  85.4707  1.00274282  3880
EDRS-C                  
1 44475U 19049A   20230.00825271  .00000150  00000-0  00000+0 0  9994
2 44475   0.0683 279.1052 0000363 186.6153 254.2824  1.00270716  3836
INTELSAT 39 (IS-39)     
1 44476U 19049B   20231.13681434  .00000026  00000-0  00000+0 0  9993
2 44476   0.0168 127.4438 0001435 207.1839 103.5278  1.00268463  3812
AMOS-17                 
1 44479U 19050A   20230.78946337  .00000102  00000-0  00000-0 0  9990
2 44479   0.0606 276.1311 0001917 239.0922 112.5793  1.00270695  3841
AEHF-5 (USA 292)        
1 44481U 19051A   20230.83799646  .00000083  00000-0  00000-0 0  9997
2 44481   5.8463 307.8726 0002739 199.9754 174.9796  1.00269394  3928
EUTELSAT 5 WEST B       
1 44624U 19067A   20231.05778806 -.00000051  00000-0  00000+0 0  9998
2 44624   0.0508 358.4674 0005901 127.6844 216.5148  1.00266375  3100
TJS-4                   
1 44637U 19070A   20230.93301932 -.00000177  00000-0  00000-0 0  9994
2 44637   0.0330 134.1121 0002427 233.4149  18.6102  1.00272889  3217
BEIDOU-3 IGSO-3         
1 44709U 19073A   20230.63885471 -.00000143  00000-0  10000-3 0  9996
2 44709  58.3056 303.2793 0025436 189.3636 170.6650  1.00266000  3100
TIBA-1                  
1 44800U 19080A   20231.07044265  .00000148  00000-0  00000+0 0  9992
2 44800   0.0541   5.4644 0001715 143.3422 238.9189  1.00270598  2738
INMARSAT GX5            
1 44801U 19080B   20230.78824205  .00000069  00000-0  00000+0 0  9992
2 44801   0.0222  79.9916 0002182  71.2378 110.2003  1.00274622  2730
JCSAT-18 (KACIFIC 1)    
1 44868U 19091A   20230.88769101 -.00000208  00000-0  00000-0 0  9998
2 44868   0.0137  96.8880 0000630 123.0517 216.3180  1.00269913  2666
ELEKTRO-L 3             
1 44903U 19095A   20230.88247958 -.00000105  00000-0  00000+0 0  9998
2 44903   0.0404 303.4407 0001266 263.1609 153.8807  1.00272111  2372
SHIJIAN-20 (SJ-20)      
1 44910U 19097A   20230.93346337 -.00000360  00000-0  00000-0 0  9999
2 44910   0.3549  95.0389 0008415 133.1422 200.0729  1.00271591  2344
TJS-5                   
1 44978U 20002A   20230.80685221  .00000037  00000-0  00000+0 0  9994
2 44978   0.5078 281.2314 0002296 270.0032 244.3966  1.00273194  2348
GSAT-30                 
1 45026U 20005A   20231.06737251 -.00000172  00000-0  00000+0 0  9993
2 45026   0.0703 285.1241 0004672 163.8509 345.1776  1.00272168  2184
EUTELSAT KONNECT        
1 45027U 20005B   20230.78745692  .00000043  00000-0  00000-0 0  9997
2 45027   0.0291 101.4744 0000577 110.9337  44.8905  1.00272312  2994
JCSAT-17                
1 45245U 20013A   20230.67141854 -.00000313  00000-0  00000-0 0  9997
2 45245   6.8347 344.0129 0004107 170.8241 189.3356  1.00270581  1895
GEO-KOMPSAT-2B          
1 45246U 20013B   20230.94071463 -.00000351  00000-0  00000+0 0  9997
2 45246   0.0524 273.1106 0001141 318.2161 202.3445  1.00270711  1902
BEIDOU-3 G2             
1 45344U 20017A   20230.79702236 -.00000144  00000-0  00000+0 0  9992
2 45344   2.8635 329.0992 0002830 156.2186 208.2686  1.00271334  1927
AEHF-6 (USA 298)        
1 45465U 20022B   20230.60289852 -.00000159  00000-0  00000+0 0  9992
2 45465   7.4483 308.7315 0197217 181.4393 313.8203  1.00311500  1636
BEIDOU-3 G3             
1 45807U 20040A   20230.87983977 -.00000359  00000-0  00000-0 0  9993
2 45807   2.9822 298.7119 0006981 347.2493 108.0535  1.00272221   720
APSTAR 6D               
1 45863U 20045A   20230.93427675 -.00000323  00000-0  10000-3 0  9990
2 45863   0.0617 250.9534 0001771 233.7497 312.8934  1.00268207   513
KOREASAT 116            
1 45920U 20048A   20230.86762157 -.00000369  00000-0  00000+0 0  9991
2 45920   0.0135  97.3938 0001375  65.1709 232.6936  1.00271562   302
